6 0.18625 0.521875 0.03125 0.035
14 0.48625 0.355 0.02 0.0225
10 0.768125 0.405625 0.0175 0.0225
2 0.611875 0.4175 0.0225 0.0225
3 0.725 0.48 0.01875 0.01875
0 0.545 0.321875 0.025 0.02
13 0.7275 0.41375 0.02375 0.0225
4 0.159375 0.371875 0.01875 0.01625
5 0.171875 0.438125 0.01875 0.01875
7 0.244375 0.825 0.02875 0.02625
8 0.60125 0.3425 0.01375 0.01125
9 0.653125 0.36125 0.01375 0.01125
11 0.86125 0.44375 0.01875 0.0175
12 0.6175 0.3675 0.0175 0.0175
15 0.295 0.463125 0.02125 0.0325
15 0.055 0.50875 0.035 0.03875