6 0.508125 0.479375 0.0175 0.0175
14 0.825 0.3625 0.0175 0.0175
2 0.929375 0.47375 0.0175 0.0175
4 0.515 0.3225 0.0175 0.0175
1 0.16125 0.394375 0.0175 0.0175
0 0.126875 0.320625 0.0175 0.0175
5 0.51375 0.3925 0.0175 0.0175
12 0.964375 0.4025 0.0175 0.0175
7 0.49625 0.700625 0.0175 0.0175
8 0.960625 0.364375 0.0175 0.0175
3 0.0075 0.5425 0.015 0.0175
15 0.611875 0.43625 0.0175 0.0175
9 0.025625 0.388125 0.0175 0.0175
8 0.0775 0.355625 0.01875 0.01625
12 0.06875 0.391875 0.01875 0.01625
14 0.20625 0.35625 0.02125 0.02125
2 0.09625 0.46125 0.0225 0.01875
0 0.91 0.33125 0.0225 0.02
1 0.866875 0.4075 0.0225 0.02125
15 0.408125 0.433125 0.015 0.01625