5 0.84625 0.388125 0.02 0.02
6 0.835 0.563125 0.02125 0.02125
7 0.811875 0.96125 0.0225 0.025
14 0.431875 0.2425 0.0175 0.0175
2 0.3075 0.435 0.02 0.01875
0 0.320625 0.14875 0.02125 0.01875
3 0.22875 0.565 0.02 0.02
15 0.70375 0.44375 0.01875 0.0175
13 0.154375 0.418125 0.01875 0.01875
15 0.98875 0.503125 0.02 0.0225
10 0.08625 0.4075 0.02 0.02
1 0.384375 0.321875 0.0175 0.01625
4 0.85875 0.22625 0.015 0.02125
8 0.2625 0.213125 0.015 0.02875
9 0.205625 0.275625 0.01 0.02
12 0.265 0.28875 0.01375 0.03