13 0.82375 0.5125 0.0175 0.0175
10 0.873125 0.50125 0.0175 0.0175
2 0.693125 0.52375 0.0175 0.0175
3 0.804375 0.628125 0.0175 0.0175
1 0.60625 0.44375 0.0175 0.0175
12 0.69875 0.423125 0.0175 0.0175
14 0.550625 0.395 0.0175 0.0175
5 0.1925 0.498125 0.0175 0.0175
11 0.9875 0.575625 0.0175 0.0175
6 0.194375 0.6425 0.0175 0.0175
9 0.743125 0.415 0.0175 0.0175
4 0.191875 0.391875 0.0175 0.0175
8 0.685 0.378125 0.0175 0.0175
0 0.625625 0.34125 0.0175 0.0175
15 0.321875 0.539375 0.0175 0.0175
15 0.053125 0.591875 0.02 0.02125