13 0.193125 0.52375 0.0175 0.0175
14 0.465 0.41125 0.0175 0.0175
6 0.8225 0.66625 0.0175 0.0175
11 0.03375 0.588125 0.01875 0.0225
3 0.21125 0.6425 0.0175 0.0175
2 0.323125 0.539375 0.0175 0.0175
5 0.823125 0.519375 0.0175 0.0175
1 0.41 0.461875 0.0175 0.0175
12 0.3175 0.439375 0.0175 0.0175
0 0.39 0.359375 0.0175 0.0175
8 0.33125 0.395 0.0175 0.0175
15 0.69125 0.563125 0.0175 0.0175
4 0.825 0.411875 0.0175 0.0175
9 0.270625 0.4325 0.0175 0.0175
10 0.145 0.515 0.01875 0.01625
15 0.96625 0.61375 0.01875 0.0225