13 0.17625 0.5125 0.0175 0.0175
10 0.126875 0.50125 0.0175 0.0175
2 0.306875 0.52375 0.0175 0.0175
3 0.195625 0.628125 0.0175 0.0175
1 0.39375 0.44375 0.0175 0.0175
12 0.30125 0.423125 0.0175 0.0175
14 0.449375 0.395 0.0175 0.0175
5 0.8075 0.498125 0.0175 0.0175
11 0.0125 0.575625 0.0175 0.0175
6 0.805625 0.6425 0.0175 0.0175
9 0.256875 0.415 0.0175 0.0175
4 0.808125 0.391875 0.0175 0.0175
8 0.315 0.378125 0.0175 0.0175
0 0.374375 0.34125 0.0175 0.0175
15 0.678125 0.539375 0.0175 0.0175
15 0.946875 0.591875 0.02 0.02125