5 0.179375 0.394375 0.02125 0.02125
7 0.211875 0.96125 0.0225 0.025
6 0.19 0.566875 0.02125 0.02
13 0.870625 0.435 0.02 0.02
4 0.168125 0.2325 0.01875 0.01875
2 0.710625 0.445625 0.02 0.02125
3 0.79375 0.576875 0.01875 0.02
0 0.703125 0.1575 0.01875 0.01875
14 0.59125 0.251875 0.01625 0.015
15 0.03875 0.505 0.0225 0.02125
15 0.316875 0.455625 0.02 0.01875
2 0.9425 0.420625 0.02125 0.02125
1 0.64 0.33 0.0175 0.0175
8 0.763125 0.22375 0.0175 0.0225
9 0.81875 0.285625 0.01375 0.02125
12 0.759375 0.296875 0.01375 0.025