7 0.25375 0.9375 0.0275 0.03
6 0.24375 0.553125 0.02 0.01875
5 0.235 0.383125 0.01875 0.01875
14 0.6425 0.269375 0.02 0.0175
1 0.6875 0.35125 0.01875 0.02
0 0.7575 0.18375 0.02 0.02
15 0.368125 0.453125 0.01875 0.01875
2 0.758125 0.470625 0.02125 0.02125
15 0.10125 0.47875 0.01875 0.01875
14 0.815625 0.25375 0.02 0.02
14 0.810625 0.324375 0.01875 0.02
3 0.841875 0.60875 0.01625 0.02375
13 0.924375 0.471875 0.01375 0.02125
10 0.99625 0.461875 0.0075 0.0175
9 0.871875 0.319375 0.01375 0.0175
4 0.23 0.225 0.0125 0.02