5 0.805 0.371875 0.02 0.02125
6 0.794375 0.54 0.02 0.01875
14 0.41 0.253125 0.0175 0.0175
0 0.30125 0.17125 0.02 0.01875
1 0.36625 0.33375 0.0175 0.01875
3 0.219375 0.575625 0.01875 0.01875
15 0.67375 0.434375 0.01875 0.02
15 0.94125 0.471875 0.02 0.02
4 0.81375 0.2175 0.02 0.02
14 0.251875 0.309375 0.01875 0.0175
7 0.780625 0.910625 0.02375 0.03
2 0.296875 0.446875 0.0125 0.0225
13 0.14625 0.44125 0.01875 0.0275
8 0.245 0.23625 0.01625 0.01875
9 0.191875 0.29875 0.015 0.0175
10 0.076875 0.4325 0.0125 0.01875