6 0.185 0.44125 0.0175 0.0175
13 0.9275 0.335625 0.0175 0.0175
1 0.67125 0.250625 0.0175 0.0175
3 0.88625 0.46 0.0175 0.0175
12 0.78625 0.230625 0.0175 0.0175
10 0.995625 0.32875 0.00875 0.0125
4 0.1875 0.173125 0.0175 0.0175
0 0.705625 0.1325 0.0175 0.0175
2 0.763125 0.33875 0.0175 0.0175
14 0.6125 0.1925 0.0175 0.0175
8 0.7725 0.175625 0.0175 0.0175
9 0.84 0.2225 0.0175 0.0175
15 0.025625 0.384375 0.0175 0.0175
5 0.18625 0.289375 0.0175 0.0175
7 0.185625 0.89875 0.03375 0.0275
15 0.335 0.340625 0.0175 0.03125