14 0.769375 0.438125 0.0175 0.0175
5 0.470625 0.49375 0.0175 0.0175
2 0.893125 0.558125 0.0175 0.0175
1 0.113125 0.515625 0.0175 0.0175
6 0.478125 0.599375 0.0175 0.0175
4 0.464375 0.4125 0.0175 0.0175
12 0.9 0.4725 0.0175 0.0175
8 0.029375 0.47 0.0175 0.0175
9 0.939375 0.469375 0.0175 0.0175
7 0.5025 0.915 0.02 0.0275
0 0.081875 0.429375 0.0175 0.0175
15 0.36875 0.545 0.0175 0.0175
0 0.83375 0.4 0.0175 0.01875
8 0.88625 0.435 0.01625 0.015
1 0.816875 0.48625 0.01625 0.015
3 0.996875 0.656875 0.00625 0.01125
15 0.579375 0.5375 0.01625 0.02
14 0.158125 0.465625 0.02125 0.01625
2 0.040625 0.6025 0.02125 0.01875
12 0.02 0.51375 0.02125 0.01625