13 0.756875 0.4225 0.0175 0.0175
2 0.644375 0.4325 0.0175 0.0175
3 0.730625 0.514375 0.0175 0.0175
6 0.215625 0.523125 0.0175 0.0175
4 0.2175 0.321875 0.0175 0.0175
12 0.6575 0.350625 0.0175 0.0175
5 0.21625 0.406875 0.0175 0.0175
14 0.530625 0.32375 0.0175 0.0175
9 0.6975 0.345625 0.0175 0.0175
0 0.600625 0.283125 0.0175 0.0175
15 0.325625 0.443125 0.0175 0.0175
8 0.64875 0.31375 0.0175 0.0175
1 0.575625 0.369375 0.0175 0.0175
11 0.888125 0.47875 0.0175 0.0175
15 0.101875 0.48375 0.02 0.02625
7 0.218125 0.866875 0.02625 0.0275
10 0.80125 0.418125 0.02125 0.01625