13 0.243125 0.4225 0.0175 0.0175
2 0.355625 0.4325 0.0175 0.0175
3 0.269375 0.514375 0.0175 0.0175
6 0.784375 0.523125 0.0175 0.0175
4 0.7825 0.321875 0.0175 0.0175
12 0.3425 0.350625 0.0175 0.0175
5 0.78375 0.406875 0.0175 0.0175
14 0.469375 0.32375 0.0175 0.0175
9 0.3025 0.345625 0.0175 0.0175
0 0.399375 0.283125 0.0175 0.0175
15 0.674375 0.443125 0.0175 0.0175
8 0.35125 0.31375 0.0175 0.0175
1 0.424375 0.369375 0.0175 0.0175
11 0.111875 0.47875 0.0175 0.0175
15 0.898125 0.48375 0.02 0.02625
7 0.781875 0.866875 0.02625 0.0275
10 0.19875 0.418125 0.02125 0.01625