3 0.8175 0.534375 0.0175 0.0175
11 0.994375 0.5025 0.01125 0.02
13 0.8475 0.43375 0.0175 0.0175
14 0.60625 0.318125 0.0175 0.0175
10 0.89625 0.42875 0.0175 0.0175
6 0.2725 0.51125 0.0175 0.0175
5 0.27375 0.395 0.0175 0.0175
9 0.783125 0.3475 0.0175 0.0175
4 0.275625 0.304375 0.0175 0.0175
8 0.73125 0.310625 0.0175 0.0175
2 0.725 0.43625 0.0175 0.0175
1 0.651875 0.364375 0.0175 0.0175
7 0.268125 0.8675 0.0175 0.0175
12 0.74 0.35 0.0175 0.0175
15 0.1575 0.46125 0.0175 0.0175
0 0.679375 0.276875 0.0175 0.0175
15 0.388125 0.43125 0.0175 0.0175