6 0.226875 0.56 0.0175 0.0175
5 0.215 0.46375 0.0175 0.0175
13 0.830625 0.468125 0.0175 0.0175
7 0.27 0.8925 0.02 0.025
15 0.08625 0.521875 0.0175 0.0175
11 0.988125 0.510625 0.0175 0.0175
4 0.206875 0.395 0.0175 0.0175
0 0.6325 0.363125 0.0175 0.0175
15 0.345625 0.49125 0.0175 0.0175
8 0.670625 0.3775 0.01 0.01
9 0.7425 0.4075 0.0225 0.0125
12 0.701875 0.41125 0.015 0.01875
10 0.87125 0.45875 0.0175 0.01875
3 0.819375 0.545625 0.01875 0.02125
1 0.615 0.425625 0.01625 0.015
2 0.675625 0.469375 0.01625 0.0125
14 0.53875 0.3875 0.01875 0.01375