5 0.4875 0.31625 0.0175 0.0175
1 0.096875 0.321875 0.0175 0.0175
6 0.48 0.431875 0.0175 0.0175
7 0.459375 0.779375 0.0175 0.0225
8 0.975 0.28375 0.0175 0.0175
12 0.981875 0.33 0.0175 0.0175
2 0.0075 0.409375 0.015 0.0175
14 0.151875 0.268125 0.0175 0.0175
4 0.491875 0.228125 0.0175 0.0175
0 0.07125 0.225 0.0175 0.0175
15 0.596875 0.370625 0.0175 0.0175
8 0.006875 0.265625 0.01375 0.01875
15 0.37 0.364375 0.01875 0.02125
14 0.83 0.278125 0.01875 0.01875
1 0.88 0.334375 0.0175 0.015
2 0.9575 0.424375 0.02 0.0225
0 0.9175 0.239375 0.015 0.0125