4 0.8075 0.324375 0.0175 0.0175
3 0.253125 0.493125 0.0175 0.0175
6 0.78125 0.52875 0.0175 0.0225
11 0.103125 0.4475 0.0175 0.0175
10 0.194375 0.39125 0.0175 0.0175
14 0.479375 0.3125 0.0175 0.0175
5 0.79625 0.413125 0.0175 0.0175
12 0.345 0.33 0.0175 0.0175
1 0.43 0.354375 0.0175 0.0175
13 0.23625 0.400625 0.0175 0.0175
0 0.414375 0.265625 0.0175 0.0175
7 0.73125 0.875 0.0275 0.03125
15 0.9075 0.493125 0.0175 0.0175
2 0.34875 0.415625 0.0175 0.0175
8 0.36 0.29625 0.0175 0.0175
9 0.308125 0.32625 0.0175 0.0175
15 0.676875 0.438125 0.0175 0.02