14 0.824375 0.275625 0.0175 0.0175
5 0.51375 0.323125 0.0175 0.0175
12 0.96625 0.318125 0.0175 0.0175
6 0.520625 0.430625 0.0175 0.0175
2 0.9525 0.4075 0.0175 0.0175
8 0.950625 0.275 0.0175 0.0175
9 0.009375 0.34 0.01625 0.0175
1 0.874375 0.3275 0.0175 0.0175
4 0.508125 0.240625 0.0175 0.0175
7 0.54125 0.754375 0.02125 0.025
0 0.894375 0.2375 0.0175 0.0175
15 0.6225 0.36625 0.0175 0.0175
0 0.115625 0.25375 0.0225 0.01375
8 0.06375 0.295 0.02 0.01125
12 0.055 0.33875 0.015 0.01625
14 0.195625 0.29 0.015 0.01625
1 0.149375 0.340625 0.01875 0.02
2 0.075625 0.426875 0.02125 0.02
15 0.409375 0.37 0.01625 0.01875