13 0.030625 0.3925 0.0175 0.0175
1 0.22 0.319375 0.0175 0.0175
14 0.88625 0.31375 0.0175 0.0175
3 0.05125 0.48125 0.0175 0.0175
6 0.558125 0.43625 0.0175 0.0175
2 0.1475 0.39 0.0175 0.0175
5 0.566875 0.33 0.0175 0.0175
12 0.13875 0.30625 0.0175 0.0175
4 0.574375 0.24875 0.0175 0.0175
8 0.15 0.26875 0.0175 0.0175
0 0.2025 0.23375 0.0175 0.0175
9 0.0975 0.305625 0.0175 0.0175
15 0.46 0.3725 0.0175 0.0175
7 0.531875 0.7525 0.0225 0.02375
14 0.268125 0.2725 0.015 0.01375
15 0.66875 0.386875 0.0175 0.01625
1 0.9325 0.37 0.01875 0.01875
0 0.969375 0.28125 0.01375 0.01375