13 0.969375 0.3925 0.0175 0.0175
1 0.78 0.319375 0.0175 0.0175
14 0.11375 0.31375 0.0175 0.0175
3 0.94875 0.48125 0.0175 0.0175
6 0.441875 0.43625 0.0175 0.0175
2 0.8525 0.39 0.0175 0.0175
5 0.433125 0.33 0.0175 0.0175
12 0.86125 0.30625 0.0175 0.0175
4 0.425625 0.24875 0.0175 0.0175
8 0.85 0.26875 0.0175 0.0175
0 0.7975 0.23375 0.0175 0.0175
9 0.9025 0.305625 0.0175 0.0175
15 0.54 0.3725 0.0175 0.0175
7 0.468125 0.7525 0.0225 0.02375
14 0.731875 0.2725 0.015 0.01375
15 0.33125 0.386875 0.0175 0.01625
1 0.0675 0.37 0.01875 0.01875
0 0.030625 0.28125 0.01375 0.01375