3 0.209375 0.509375 0.02 0.02
4 0.860625 0.311875 0.0175 0.0175
13 0.190625 0.401875 0.0175 0.0175
12 0.318125 0.320625 0.0175 0.0175
2 0.3225 0.41875 0.02125 0.0225
6 0.82875 0.5525 0.0175 0.0175
1 0.41375 0.34875 0.0175 0.0175
0 0.39875 0.245 0.0175 0.0175
11 0.02125 0.456875 0.02 0.0225
14 0.47375 0.3 0.0175 0.0175
9 0.27375 0.313125 0.0175 0.0175
8 0.33625 0.278125 0.0175 0.0175
7 0.771875 0.96 0.035 0.0325
15 0.703125 0.451875 0.0175 0.0175
5 0.84625 0.4175 0.0175 0.0175
10 0.13875 0.391875 0.02375 0.02125
15 0.98375 0.510625 0.01875 0.02