13 0.926875 0.404375 0.0175 0.0175
3 0.891875 0.509375 0.0175 0.0175
10 0.985625 0.4 0.0175 0.0175
5 0.311875 0.34125 0.0175 0.0175
12 0.80875 0.30625 0.0175 0.0175
2 0.79125 0.4025 0.0175 0.0175
4 0.315625 0.245625 0.0175 0.0175
14 0.66375 0.269375 0.0175 0.0175
9 0.855 0.305 0.0175 0.0175
6 0.31 0.4625 0.0175 0.0175
7 0.30125 0.83875 0.0225 0.0225
1 0.71375 0.32375 0.0175 0.0175
15 0.189375 0.403125 0.0175 0.0175
8 0.800625 0.265 0.0175 0.0175
0 0.744375 0.2275 0.0175 0.0175
15 0.430625 0.38375 0.01625 0.01625