5 0.51 0.319375 0.0175 0.0175
14 0.84125 0.29 0.0175 0.0175
1 0.889375 0.344375 0.0175 0.0175
2 0.96625 0.436875 0.0175 0.0175
12 0.99125 0.343125 0.0175 0.0175
6 0.50375 0.431875 0.0175 0.0175
4 0.51625 0.234375 0.0175 0.0175
0 0.926875 0.25375 0.0175 0.0175
8 0.984375 0.29875 0.0175 0.0175
15 0.61625 0.375 0.0175 0.0175
9 0.00625 0.308125 0.0125 0.0175
15 0.3975 0.3675 0.01625 0.015
7 0.480625 0.76625 0.02625 0.02875
0 0.11875 0.230625 0.02 0.01375
8 0.06 0.27 0.01625 0.015
12 0.046875 0.3125 0.01875 0.02
14 0.1925 0.271875 0.0175 0.015
1 0.14 0.321875 0.01625 0.02
2 0.059375 0.401875 0.02375 0.0175