5 0.835625 0.41875 0.0175 0.0175
2 0.33 0.421875 0.0175 0.0175
6 0.818125 0.5525 0.0175 0.0175
3 0.218125 0.51 0.0175 0.0175
13 0.2 0.408125 0.0175 0.0175
0 0.4025 0.253125 0.0175 0.0175
4 0.85 0.319375 0.0175 0.0175
7 0.765625 0.94625 0.02 0.025
10 0.149375 0.395625 0.0175 0.0175
14 0.47375 0.30625 0.0175 0.0175
9 0.28125 0.320625 0.0175 0.0175
8 0.34125 0.286875 0.0175 0.0175
1 0.416875 0.353125 0.0175 0.0175
15 0.968125 0.5125 0.0175 0.0175
12 0.324375 0.33 0.0175 0.0175
11 0.039375 0.46125 0.0175 0.0175
15 0.699375 0.44875 0.02 0.0175