6 0.3575 0.504375 0.0175 0.0175
1 0.714375 0.359375 0.0175 0.0175
13 0.91375 0.42625 0.0175 0.0175
2 0.79125 0.42875 0.0175 0.0175
12 0.800625 0.344375 0.0175 0.0175
3 0.891875 0.521875 0.0175 0.0175
10 0.963125 0.419375 0.0175 0.0175
5 0.346875 0.393125 0.0175 0.0175
0 0.731875 0.27125 0.0175 0.0175
14 0.66375 0.315 0.0175 0.0175
9 0.84125 0.34125 0.0175 0.0175
4 0.338125 0.3025 0.0175 0.0175
8 0.786875 0.305 0.0175 0.0175
7 0.391875 0.844375 0.0275 0.02875
15 0.238125 0.45625 0.0175 0.0175
15 0.463125 0.428125 0.0175 0.02