5 0.296875 0.326875 0.0175 0.0175
13 0.91125 0.38375 0.0175 0.0175
10 0.9675 0.379375 0.0175 0.0175
6 0.294375 0.450625 0.0175 0.0175
12 0.79375 0.289375 0.0175 0.0175
8 0.7825 0.245625 0.0175 0.0175
3 0.87625 0.491875 0.0175 0.0175
14 0.64875 0.255 0.0175 0.0175
1 0.69875 0.305625 0.0175 0.0175
0 0.728125 0.2075 0.0175 0.0175
7 0.289375 0.8275 0.02 0.02125
4 0.299375 0.235 0.0175 0.0175
9 0.839375 0.285 0.0175 0.0175
2 0.775625 0.38375 0.0175 0.0175
15 0.41625 0.37 0.0175 0.0175
15 0.17375 0.393125 0.01875 0.0175