3 0.790625 0.509375 0.02 0.02
4 0.139375 0.311875 0.0175 0.0175
13 0.809375 0.401875 0.0175 0.0175
12 0.681875 0.320625 0.0175 0.0175
2 0.6775 0.41875 0.02125 0.0225
6 0.17125 0.5525 0.0175 0.0175
1 0.58625 0.34875 0.0175 0.0175
0 0.60125 0.245 0.0175 0.0175
11 0.97875 0.456875 0.02 0.0225
14 0.52625 0.3 0.0175 0.0175
9 0.72625 0.313125 0.0175 0.0175
8 0.66375 0.278125 0.0175 0.0175
7 0.228125 0.96 0.035 0.0325
15 0.296875 0.451875 0.0175 0.0175
5 0.15375 0.4175 0.0175 0.0175
10 0.86125 0.391875 0.02375 0.02125
15 0.01625 0.510625 0.01875 0.02