12 0.681875 0.32125 0.0175 0.0175
3 0.791875 0.51 0.0175 0.0175
2 0.675625 0.4175 0.0175 0.0175
5 0.15125 0.418125 0.0175 0.0175
13 0.811875 0.403125 0.0175 0.0175
14 0.525625 0.3 0.0175 0.0175
8 0.66375 0.279375 0.0175 0.0175
6 0.169375 0.554375 0.02125 0.02
9 0.7275 0.314375 0.0175 0.0175
4 0.135625 0.3125 0.0175 0.0175
0 0.60125 0.245 0.0175 0.0175
10 0.8625 0.39125 0.0175 0.0175
7 0.225625 0.96375 0.0375 0.03125
15 0.295 0.44875 0.0175 0.0175
1 0.58625 0.348125 0.0175 0.0175
11 0.980625 0.458125 0.02 0.0225
15 0.009375 0.5125 0.01625 0.02125