1 0.765625 0.32125 0.0175 0.0175
13 0.95625 0.393125 0.0175 0.0175
14 0.718125 0.27625 0.0175 0.0175
6 0.426875 0.438125 0.0175 0.0175
3 0.93375 0.484375 0.0175 0.0175
5 0.41875 0.331875 0.0175 0.0175
2 0.83625 0.39 0.0175 0.0175
12 0.84625 0.30875 0.0175 0.0175
8 0.834375 0.26875 0.0175 0.0175
9 0.885 0.304375 0.0175 0.0175
0 0.7825 0.236875 0.0175 0.0175
7 0.45375 0.756875 0.01875 0.025
4 0.41125 0.251875 0.0175 0.0175
15 0.526875 0.3775 0.0175 0.0175
15 0.318125 0.391875 0.01375 0.015
14 0.098125 0.32 0.025 0.015
1 0.053125 0.376875 0.02875 0.02
0 0.015 0.288125 0.015 0.015