10 0.930625 0.41 0.02375 0.02125
3 0.849375 0.50375 0.02 0.01875
2 0.7275 0.42 0.0175 0.0175
13 0.871875 0.41625 0.0175 0.0175
6 0.18875 0.5025 0.0175 0.0175
5 0.196875 0.395625 0.0175 0.0175
14 0.58125 0.321875 0.0175 0.0175
7 0.163125 0.8825 0.01875 0.0225
9 0.785 0.341875 0.0175 0.0175
15 0.329375 0.42875 0.0175 0.0175
0 0.665 0.2875 0.0175 0.0175
8 0.723125 0.31375 0.0175 0.0175
4 0.203125 0.31875 0.0175 0.0175
1 0.63875 0.361875 0.0175 0.0175
12 0.73875 0.345625 0.0175 0.0175
15 0.045625 0.4625 0.02 0.015