10 0.90125 0.39875 0.0175 0.0175
6 0.163125 0.501875 0.0175 0.0175
13 0.844375 0.405625 0.0175 0.0175
3 0.824375 0.495 0.0175 0.0175
2 0.701875 0.41125 0.0175 0.0175
5 0.17 0.395625 0.0175 0.0175
0 0.64 0.278125 0.0175 0.0175
4 0.175 0.315625 0.0175 0.0175
1 0.61375 0.353125 0.0175 0.0175
8 0.699375 0.3075 0.0175 0.0175
15 0.015 0.465625 0.0175 0.0175
9 0.76 0.334375 0.0175 0.0175
14 0.556875 0.3175 0.0175 0.0175
12 0.714375 0.339375 0.0175 0.0175
7 0.135625 0.885625 0.02125 0.025
15 0.305 0.42375 0.02 0.01875