10 0.09875 0.39875 0.0175 0.0175
6 0.836875 0.501875 0.0175 0.0175
13 0.155625 0.405625 0.0175 0.0175
3 0.175625 0.495 0.0175 0.0175
2 0.298125 0.41125 0.0175 0.0175
5 0.83 0.395625 0.0175 0.0175
0 0.36 0.278125 0.0175 0.0175
4 0.825 0.315625 0.0175 0.0175
1 0.38625 0.353125 0.0175 0.0175
8 0.300625 0.3075 0.0175 0.0175
15 0.985 0.465625 0.0175 0.0175
9 0.24 0.334375 0.0175 0.0175
14 0.443125 0.3175 0.0175 0.0175
12 0.285625 0.339375 0.0175 0.0175
7 0.864375 0.885625 0.02125 0.025
15 0.695 0.42375 0.02 0.01875