8 0.76875 0.29125 0.0175 0.0175
10 0.96625 0.421875 0.0175 0.0175
5 0.253125 0.399375 0.0175 0.0175
1 0.67875 0.355625 0.0175 0.0175
3 0.869375 0.54375 0.0175 0.0175
14 0.6275 0.305625 0.0175 0.0175
13 0.90625 0.430625 0.0175 0.0175
4 0.25625 0.29625 0.0175 0.0175
2 0.7625 0.436875 0.0175 0.0175
0 0.711875 0.255 0.0175 0.0175
15 0.1175 0.4775 0.0175 0.0175
6 0.248125 0.53 0.0175 0.0175
7 0.241875 0.935625 0.025 0.0275
9 0.830625 0.33125 0.0175 0.0175
15 0.38 0.4375 0.01875 0.01875
12 0.78 0.33625 0.0175 0.0225