8 0.23125 0.29125 0.0175 0.0175
10 0.03375 0.421875 0.0175 0.0175
5 0.746875 0.399375 0.0175 0.0175
1 0.32125 0.355625 0.0175 0.0175
3 0.130625 0.54375 0.0175 0.0175
14 0.3725 0.305625 0.0175 0.0175
13 0.09375 0.430625 0.0175 0.0175
4 0.74375 0.29625 0.0175 0.0175
2 0.2375 0.436875 0.0175 0.0175
0 0.288125 0.255 0.0175 0.0175
15 0.8825 0.4775 0.0175 0.0175
6 0.751875 0.53 0.0175 0.0175
7 0.758125 0.935625 0.025 0.0275
9 0.169375 0.33125 0.0175 0.0175
15 0.62 0.4375 0.01875 0.01875
12 0.22 0.33625 0.0175 0.0225