2 0.219375 0.471875 0.0175 0.0175
5 0.718125 0.425 0.0175 0.0175
10 0.01625 0.4575 0.0175 0.0175
3 0.1125 0.57875 0.0175 0.0175
6 0.721875 0.553125 0.0175 0.0175
13 0.07625 0.4675 0.0175 0.0175
14 0.3525 0.34 0.0175 0.0175
9 0.151875 0.36625 0.0175 0.0175
12 0.200625 0.37125 0.0175 0.0175
1 0.300625 0.390625 0.0175 0.0175
0 0.268125 0.290625 0.0175 0.0175
15 0.594375 0.46875 0.0175 0.0175
7 0.731875 0.951875 0.0225 0.025
8 0.21125 0.32875 0.0175 0.0175
4 0.714375 0.32625 0.0175 0.0175
15 0.850625 0.501875 0.01625 0.01625