2 0.780625 0.471875 0.0175 0.0175
5 0.281875 0.425 0.0175 0.0175
10 0.98375 0.4575 0.0175 0.0175
3 0.8875 0.57875 0.0175 0.0175
6 0.278125 0.553125 0.0175 0.0175
13 0.92375 0.4675 0.0175 0.0175
14 0.6475 0.34 0.0175 0.0175
9 0.848125 0.36625 0.0175 0.0175
12 0.799375 0.37125 0.0175 0.0175
1 0.699375 0.390625 0.0175 0.0175
0 0.731875 0.290625 0.0175 0.0175
15 0.405625 0.46875 0.0175 0.0175
7 0.268125 0.951875 0.0225 0.025
8 0.78875 0.32875 0.0175 0.0175
4 0.285625 0.32625 0.0175 0.0175
15 0.149375 0.501875 0.01625 0.01625