13 0.20875 0.465625 0.0175 0.0175
14 0.490625 0.359375 0.0175 0.0175
5 0.870625 0.47125 0.0175 0.0175
2 0.340625 0.479375 0.0175 0.0175
1 0.431875 0.406875 0.0175 0.0175
4 0.88625 0.3675 0.0175 0.0175
10 0.1575 0.455625 0.0175 0.0175
12 0.336875 0.38375 0.0175 0.0175
0 0.41875 0.3075 0.0175 0.0175
9 0.2925 0.376875 0.0175 0.0175
8 0.354375 0.340625 0.0175 0.0175
6 0.85125 0.610625 0.0175 0.0175
11 0.043125 0.52125 0.0175 0.0175
15 0.725625 0.505625 0.0175 0.0175
3 0.224375 0.574375 0.03125 0.02625