6 0.169375 0.540625 0.03625 0.04875
5 0.165625 0.4 0.0325 0.03625
3 0.7525 0.52 0.02625 0.03125
1 0.565625 0.34625 0.02 0.0175
2 0.6475 0.418125 0.0225 0.025
14 0.515 0.29625 0.0225 0.02375
8 0.643125 0.27875 0.0225 0.02375
12 0.65375 0.321875 0.025 0.02375
13 0.774375 0.40875 0.02375 0.03
4 0.165625 0.299375 0.03 0.03125
9 0.6975 0.3175 0.02 0.0225
10 0.819375 0.399375 0.025 0.02375
0 0.5875 0.24625 0.02625 0.0225
11 0.919375 0.47 0.02625 0.02625
7 0.18125 0.9875 0.04125 0.025
15 0.29125 0.44375 0.045 0.04125
15 0.034375 0.499375 0.04125 0.045