6 0.3725 0.54875 0.0175 0.0175
14 0.07125 0.45625 0.0175 0.0175
10 0.939375 0.51125 0.0175 0.0175
5 0.375 0.47125 0.0175 0.0175
2 0.7775 0.5125 0.0175 0.0175
13 0.890625 0.513125 0.0175 0.0175
1 0.02125 0.495 0.0175 0.0175
7 0.368125 0.784375 0.02 0.02375
12 0.793125 0.450625 0.0175 0.0175
3 0.858125 0.583125 0.0175 0.0175
9 0.8325 0.450625 0.0175 0.0175
8 0.7875 0.426875 0.0175 0.0175
4 0.3775 0.411875 0.0175 0.0175
15 0.47375 0.504375 0.0175 0.0175
15 0.27375 0.51625 0.01375 0.02
0 0.739375 0.400625 0.01 0.01125
14 0.67 0.430625 0.015 0.01375
1 0.711875 0.4625 0.01875 0.015