6 0.225 0.5525 0.01875 0.02125
3 0.95625 0.565 0.0175 0.0175
2 0.819375 0.46875 0.0175 0.0175
13 0.995 0.4625 0.01 0.015
5 0.215625 0.434375 0.01875 0.02
1 0.716875 0.398125 0.0175 0.0175
12 0.835625 0.37875 0.0175 0.0175
4 0.20875 0.34375 0.02 0.02125
9 0.893125 0.374375 0.0175 0.0175
0 0.748125 0.3075 0.0175 0.0175
8 0.821875 0.340625 0.0175 0.0175
15 0.058125 0.5075 0.0175 0.0175
14 0.649375 0.35375 0.0175 0.0175
7 0.255 0.904375 0.0275 0.03375
15 0.37375 0.474375 0.02375 0.02
4 0.208125 0.345 0.015 0.01375