5 0.8525 0.459375 0.0175 0.0175
3 0.279375 0.540625 0.0175 0.0175
14 0.499375 0.38375 0.0175 0.0175
8 0.37 0.369375 0.0175 0.0175
10 0.2 0.451875 0.0175 0.0175
13 0.249375 0.459375 0.0175 0.0175
0 0.42125 0.346875 0.0175 0.0175
1 0.45125 0.41625 0.0175 0.0175
9 0.315625 0.395 0.0175 0.0175
6 0.8525 0.558125 0.0175 0.0175
4 0.8525 0.38625 0.0175 0.0175
2 0.376875 0.469375 0.0175 0.0175
11 0.103125 0.500625 0.0175 0.0175
12 0.35875 0.39875 0.0175 0.0175
15 0.729375 0.489375 0.0175 0.0175
7 0.853125 0.85 0.02125 0.02375
15 0.988125 0.53 0.015 0.02625