13 0.893125 0.515625 0.0175 0.0175
2 0.778125 0.5175 0.0175 0.0175
5 0.37625 0.474375 0.0175 0.0175
6 0.374375 0.55375 0.0175 0.0175
14 0.0725 0.459375 0.0175 0.0175
10 0.938125 0.513125 0.0175 0.0175
12 0.795625 0.45375 0.0175 0.0175
3 0.863125 0.5875 0.0175 0.0175
7 0.0325 0.14125 0.0175 0.0175
1 0.02375 0.4975 0.0175 0.0175
15 0.27625 0.516875 0.0175 0.0175
0 0.73875 0.40375 0.0175 0.0175
8 0.786875 0.428125 0.0175 0.0175
4 0.37875 0.415 0.0175 0.0175
9 0.834375 0.450625 0.0175 0.0175
7 0.3675 0.785625 0.03 0.03125
15 0.475 0.506875 0.0125 0.015
14 0.6725 0.43375 0.0175 0.015
1 0.713125 0.465 0.01375 0.015