3 0.629375 0.533125 0.0175 0.0175
10 0.705 0.443125 0.0175 0.0175
6 0.061875 0.575625 0.0175 0.0175
9 0.594375 0.393125 0.0175 0.0175
5 0.0625 0.476875 0.0175 0.0175
8 0.54125 0.371875 0.0175 0.0175
2 0.5375 0.4675 0.0175 0.0175
14 0.415 0.389375 0.0175 0.0175
1 0.4625 0.420625 0.0175 0.0175
0 0.491875 0.349375 0.0175 0.0175
11 0.79625 0.48875 0.0175 0.0175
4 0.0625 0.4 0.0175 0.0175
13 0.65875 0.455625 0.0175 0.0175
15 0.18875 0.500625 0.0175 0.0175
12 0.55375 0.40125 0.0175 0.0175
7 0.0625 0.873125 0.03375 0.03