6 0.775 0.5525 0.01875 0.02125
3 0.04375 0.565 0.0175 0.0175
2 0.180625 0.46875 0.0175 0.0175
13 0.005 0.4625 0.01 0.015
5 0.784375 0.434375 0.01875 0.02
1 0.283125 0.398125 0.0175 0.0175
12 0.164375 0.37875 0.0175 0.0175
4 0.79125 0.34375 0.02 0.02125
9 0.106875 0.374375 0.0175 0.0175
0 0.251875 0.3075 0.0175 0.0175
8 0.178125 0.340625 0.0175 0.0175
15 0.941875 0.5075 0.0175 0.0175
14 0.350625 0.35375 0.0175 0.0175
7 0.745 0.904375 0.0275 0.03375
15 0.62625 0.474375 0.02375 0.02
4 0.791875 0.345 0.015 0.01375