13 0.106875 0.515625 0.0175 0.0175
2 0.221875 0.5175 0.0175 0.0175
5 0.62375 0.474375 0.0175 0.0175
6 0.625625 0.55375 0.0175 0.0175
14 0.9275 0.459375 0.0175 0.0175
10 0.061875 0.513125 0.0175 0.0175
12 0.204375 0.45375 0.0175 0.0175
3 0.136875 0.5875 0.0175 0.0175
7 0.9675 0.14125 0.0175 0.0175
1 0.97625 0.4975 0.0175 0.0175
15 0.72375 0.516875 0.0175 0.0175
0 0.26125 0.40375 0.0175 0.0175
8 0.213125 0.428125 0.0175 0.0175
4 0.62125 0.415 0.0175 0.0175
9 0.165625 0.450625 0.0175 0.0175
7 0.6325 0.785625 0.03 0.03125
15 0.525 0.506875 0.0125 0.015
14 0.3275 0.43375 0.0175 0.015
1 0.286875 0.465 0.01375 0.015