3 0.371875 0.533125 0.0175 0.0175
13 0.345 0.458125 0.0175 0.0175
1 0.530625 0.424375 0.0175 0.0175
10 0.3 0.450625 0.0175 0.0175
6 0.901875 0.566875 0.0175 0.0175
5 0.9025 0.47625 0.0175 0.0175
8 0.454375 0.381875 0.0175 0.0175
14 0.574375 0.39625 0.0175 0.0175
11 0.216875 0.49125 0.0175 0.0175
4 0.9025 0.404375 0.0175 0.0175
12 0.445 0.405 0.0175 0.0175
0 0.503125 0.36 0.0175 0.0175
15 0.78625 0.5 0.0175 0.0175
9 0.404375 0.401875 0.0175 0.0175
7 0.899375 0.845625 0.0175 0.0175
2 0.4575 0.471875 0.0175 0.015