5 0.363125 0.45625 0.0175 0.0175
13 0.953125 0.50625 0.0175 0.0175
2 0.81875 0.504375 0.0175 0.0175
3 0.9175 0.584375 0.0175 0.0175
1 0.74375 0.445 0.0175 0.0175
6 0.360625 0.545 0.0175 0.0175
14 0.010625 0.435 0.01875 0.01625
4 0.365625 0.3875 0.0175 0.0175
9 0.883125 0.42875 0.0175 0.0175
7 0.351875 0.806875 0.02 0.0225
0 0.77375 0.3725 0.0175 0.0175
8 0.828125 0.400625 0.0175 0.0175
12 0.839375 0.4325 0.0175 0.0175
15 0.249375 0.505625 0.0175 0.0175
14 0.6975 0.40875 0.01625 0.01375
15 0.475625 0.49125 0.0175 0.02125