6 0.435625 0.54 0.0175 0.0175
13 0.95125 0.505625 0.0175 0.0175
1 0.7675 0.453125 0.0175 0.0175
3 0.926875 0.57625 0.0175 0.0175
5 0.4325 0.461875 0.0175 0.0175
2 0.005 0.545 0.01 0.0125
14 0.126875 0.443125 0.0175 0.0175
7 0.453125 0.76875 0.025 0.02375
9 0.8825 0.439375 0.0175 0.0175
12 0.8475 0.4425 0.0175 0.0175
0 0.0475 0.41625 0.0175 0.0175
4 0.42875 0.400625 0.0175 0.0175
15 0.53375 0.495 0.0175 0.0175
15 0.33375 0.5025 0.015 0.0175
1 0.080625 0.48125 0.0125 0.01625
0 0.79 0.390625 0.01625 0.01
8 0.83875 0.416875 0.02375 0.01625
2 0.8375 0.505625 0.02125 0.01875
1 0.724375 0.42125 0.01375 0.015