5 0.636875 0.45625 0.0175 0.0175
13 0.046875 0.50625 0.0175 0.0175
2 0.18125 0.504375 0.0175 0.0175
3 0.0825 0.584375 0.0175 0.0175
1 0.25625 0.445 0.0175 0.0175
6 0.639375 0.545 0.0175 0.0175
14 0.989375 0.435 0.01875 0.01625
4 0.634375 0.3875 0.0175 0.0175
9 0.116875 0.42875 0.0175 0.0175
7 0.648125 0.806875 0.02 0.0225
0 0.22625 0.3725 0.0175 0.0175
8 0.171875 0.400625 0.0175 0.0175
12 0.160625 0.4325 0.0175 0.0175
15 0.750625 0.505625 0.0175 0.0175
14 0.3025 0.40875 0.01625 0.01375
15 0.524375 0.49125 0.0175 0.02125