13 0.170625 0.480625 0.0175 0.0175
6 0.7725 0.5575 0.01875 0.02
3 0.203125 0.56 0.0175 0.0175
10 0.119375 0.4725 0.0175 0.0175
2 0.299375 0.485625 0.0175 0.0175
5 0.77 0.461875 0.0175 0.0175
12 0.28125 0.416875 0.0175 0.0175
7 0.774375 0.839375 0.02 0.0225
11 0.01375 0.529375 0.0175 0.0175
14 0.424375 0.399375 0.0175 0.0175
0 0.348125 0.36125 0.0175 0.0175
8 0.291875 0.38875 0.0175 0.0175
15 0.894375 0.523125 0.0175 0.0175
9 0.240625 0.41375 0.0175 0.0175
4 0.768125 0.38875 0.0175 0.0175
1 0.375 0.4325 0.0175 0.0175
15 0.651875 0.49625 0.01625 0.01875