10 0.246875 0.429375 0.0175 0.0175
13 0.294375 0.44 0.0175 0.0175
3 0.325625 0.5175 0.0175 0.0175
2 0.419375 0.450625 0.0175 0.0175
6 0.894375 0.54625 0.01875 0.02
14 0.5425 0.36875 0.0175 0.0175
1 0.49375 0.4 0.0175 0.0175
11 0.15375 0.475625 0.0175 0.0175
4 0.89375 0.37375 0.0175 0.0175
12 0.401875 0.381875 0.0175 0.0175
9 0.36 0.375625 0.0175 0.0175
0 0.46625 0.329375 0.0175 0.0175
15 0.77 0.474375 0.0175 0.0175
8 0.411875 0.3525 0.0175 0.0175
5 0.894375 0.45 0.0175 0.0175
7 0.891875 0.839375 0.02 0.02375