3 0.690625 0.540625 0.0175 0.0175
1 0.520625 0.41875 0.0175 0.0175
6 0.12 0.564375 0.01875 0.02375
10 0.770625 0.451875 0.0175 0.0175
5 0.11875 0.466875 0.02 0.02125
0 0.549375 0.3475 0.0175 0.0175
9 0.6575 0.396875 0.0175 0.0175
11 0.864375 0.50125 0.0175 0.0175
14 0.471875 0.3875 0.0175 0.0175
2 0.598125 0.471875 0.0175 0.0175
8 0.60375 0.373125 0.0175 0.0175
4 0.12 0.391875 0.0175 0.0175
12 0.61375 0.403125 0.0175 0.0175
15 0.244375 0.4925 0.0175 0.0175
13 0.72125 0.46125 0.0175 0.0175
7 0.120625 0.856875 0.03875 0.03875