2 0.465 0.44 0.0175 0.0175
3 0.373125 0.5025 0.0175 0.0175
13 0.344375 0.426875 0.0175 0.0175
14 0.583125 0.36125 0.0175 0.0175
6 0.930625 0.54375 0.0175 0.0175
4 0.931875 0.37125 0.0175 0.0175
5 0.93125 0.445625 0.0175 0.0175
11 0.21 0.46125 0.0175 0.0175
1 0.5375 0.390625 0.0175 0.0175
8 0.4575 0.34375 0.0175 0.0175
9 0.408125 0.365 0.0175 0.0175
12 0.448125 0.373125 0.0175 0.0175
15 0.80625 0.473125 0.0175 0.0175
0 0.511875 0.320625 0.0175 0.0175
10 0.29875 0.4175 0.0175 0.0175
7 0.926875 0.8325 0.0175 0.0175