3 0.64375 0.511875 0.0175 0.0175
10 0.71 0.433125 0.0175 0.0175
1 0.498125 0.408125 0.0175 0.0175
13 0.66875 0.44375 0.0175 0.0175
14 0.456875 0.381875 0.0175 0.0175
6 0.156875 0.538125 0.0175 0.0175
8 0.56875 0.36875 0.0175 0.0175
5 0.155625 0.454375 0.0175 0.0175
0 0.52125 0.34875 0.0175 0.0175
2 0.5625 0.453125 0.0175 0.0175
12 0.575625 0.393125 0.0175 0.0175
9 0.614375 0.38875 0.0175 0.0175
11 0.78875 0.474375 0.0175 0.0175
4 0.15625 0.389375 0.0175 0.0175
15 0.045625 0.513125 0.0175 0.0175
7 0.16 0.78625 0.0175 0.0175
15 0.260625 0.47375 0.01625 0.0175