2 0.535 0.44 0.0175 0.0175
3 0.626875 0.5025 0.0175 0.0175
13 0.655625 0.426875 0.0175 0.0175
14 0.416875 0.36125 0.0175 0.0175
6 0.069375 0.54375 0.0175 0.0175
4 0.068125 0.37125 0.0175 0.0175
5 0.06875 0.445625 0.0175 0.0175
11 0.79 0.46125 0.0175 0.0175
1 0.4625 0.390625 0.0175 0.0175
8 0.5425 0.34375 0.0175 0.0175
9 0.591875 0.365 0.0175 0.0175
12 0.551875 0.373125 0.0175 0.0175
15 0.19375 0.473125 0.0175 0.0175
0 0.488125 0.320625 0.0175 0.0175
10 0.70125 0.4175 0.0175 0.0175
7 0.073125 0.8325 0.0175 0.0175