6 0.6275 0.54875 0.0175 0.0175
14 0.92875 0.45625 0.0175 0.0175
10 0.060625 0.51125 0.0175 0.0175
5 0.625 0.47125 0.0175 0.0175
2 0.2225 0.5125 0.0175 0.0175
13 0.109375 0.513125 0.0175 0.0175
1 0.97875 0.495 0.0175 0.0175
7 0.631875 0.784375 0.02 0.02375
12 0.206875 0.450625 0.0175 0.0175
3 0.141875 0.583125 0.0175 0.0175
9 0.1675 0.450625 0.0175 0.0175
8 0.2125 0.426875 0.0175 0.0175
4 0.6225 0.411875 0.0175 0.0175
15 0.52625 0.504375 0.0175 0.0175
15 0.72625 0.51625 0.01375 0.02
0 0.260625 0.400625 0.01 0.01125
14 0.33 0.430625 0.015 0.01375
1 0.288125 0.4625 0.01875 0.015