3 0.370625 0.533125 0.0175 0.0175
10 0.295 0.443125 0.0175 0.0175
6 0.938125 0.575625 0.0175 0.0175
9 0.405625 0.393125 0.0175 0.0175
5 0.9375 0.476875 0.0175 0.0175
8 0.45875 0.371875 0.0175 0.0175
2 0.4625 0.4675 0.0175 0.0175
14 0.585 0.389375 0.0175 0.0175
1 0.5375 0.420625 0.0175 0.0175
0 0.508125 0.349375 0.0175 0.0175
11 0.20375 0.48875 0.0175 0.0175
4 0.9375 0.4 0.0175 0.0175
13 0.34125 0.455625 0.0175 0.0175
15 0.81125 0.500625 0.0175 0.0175
12 0.44625 0.40125 0.0175 0.0175
7 0.9375 0.873125 0.03375 0.03