3 0.628125 0.533125 0.0175 0.0175
13 0.655 0.458125 0.0175 0.0175
1 0.469375 0.424375 0.0175 0.0175
10 0.7 0.450625 0.0175 0.0175
6 0.098125 0.566875 0.0175 0.0175
5 0.0975 0.47625 0.0175 0.0175
8 0.545625 0.381875 0.0175 0.0175
14 0.425625 0.39625 0.0175 0.0175
11 0.783125 0.49125 0.0175 0.0175
4 0.0975 0.404375 0.0175 0.0175
12 0.555 0.405 0.0175 0.0175
0 0.496875 0.36 0.0175 0.0175
15 0.21375 0.5 0.0175 0.0175
9 0.595625 0.401875 0.0175 0.0175
7 0.100625 0.845625 0.0175 0.0175
2 0.5425 0.471875 0.0175 0.015