3 0.309375 0.540625 0.0175 0.0175
1 0.479375 0.41875 0.0175 0.0175
6 0.88 0.564375 0.01875 0.02375
10 0.229375 0.451875 0.0175 0.0175
5 0.88125 0.466875 0.02 0.02125
0 0.450625 0.3475 0.0175 0.0175
9 0.3425 0.396875 0.0175 0.0175
11 0.135625 0.50125 0.0175 0.0175
14 0.528125 0.3875 0.0175 0.0175
2 0.401875 0.471875 0.0175 0.0175
8 0.39625 0.373125 0.0175 0.0175
4 0.88 0.391875 0.0175 0.0175
12 0.38625 0.403125 0.0175 0.0175
15 0.755625 0.4925 0.0175 0.0175
13 0.27875 0.46125 0.0175 0.0175
7 0.879375 0.856875 0.03875 0.03875