3 0.84375 0.494375 0.0175 0.0175
5 0.18875 0.4025 0.0175 0.0175
13 0.874375 0.404375 0.0175 0.0175
10 0.939375 0.396875 0.0175 0.0175
0 0.66875 0.280625 0.0175 0.0175
8 0.73125 0.30625 0.0175 0.0175
14 0.5825 0.319375 0.0175 0.0175
2 0.725625 0.416875 0.0175 0.0175
6 0.185 0.50625 0.0175 0.0175
7 0.17625 0.846875 0.02875 0.0275
9 0.79625 0.3325 0.0175 0.0175
12 0.745 0.339375 0.0175 0.0175
1 0.636875 0.35625 0.0175 0.0175
15 0.039375 0.475625 0.0175 0.0175
4 0.19125 0.323125 0.0175 0.0175
15 0.324375 0.433125 0.01875 0.025