6 0.763125 0.499375 0.02125 0.0225
3 0.130625 0.49625 0.0175 0.0175
2 0.2475 0.418125 0.0175 0.0175
5 0.758125 0.399375 0.0175 0.0175
1 0.33 0.3625 0.0175 0.0175
10 0.036875 0.404375 0.0175 0.0175
9 0.176875 0.341875 0.0175 0.0175
14 0.385 0.3275 0.0175 0.0175
12 0.22875 0.3475 0.0175 0.0175
7 0.77375 0.816875 0.02 0.0225
13 0.09875 0.413125 0.0175 0.0175
8 0.23875 0.313125 0.0175 0.0175
0 0.3 0.28625 0.0175 0.0175
15 0.895 0.464375 0.0175 0.0175
4 0.754375 0.323125 0.0175 0.0175
15 0.630625 0.430625 0.02 0.02125