3 0.15625 0.494375 0.0175 0.0175
5 0.81125 0.4025 0.0175 0.0175
13 0.125625 0.404375 0.0175 0.0175
10 0.060625 0.396875 0.0175 0.0175
0 0.33125 0.280625 0.0175 0.0175
8 0.26875 0.30625 0.0175 0.0175
14 0.4175 0.319375 0.0175 0.0175
2 0.274375 0.416875 0.0175 0.0175
6 0.815 0.50625 0.0175 0.0175
7 0.82375 0.846875 0.02875 0.0275
9 0.20375 0.3325 0.0175 0.0175
12 0.255 0.339375 0.0175 0.0175
1 0.363125 0.35625 0.0175 0.0175
15 0.960625 0.475625 0.0175 0.0175
4 0.80875 0.323125 0.0175 0.0175
15 0.675625 0.433125 0.01875 0.025