6 0.525 0.42875 0.03125 0.03625
1 0.9125 0.35 0.025 0.02375
5 0.53125 0.32125 0.03 0.03125
14 0.215 0.268125 0.0225 0.0225
1 0.165 0.3175 0.02125 0.02375
2 0.081875 0.395 0.025 0.02625
12 0.07125 0.30625 0.0225 0.02125
9 0.025 0.30375 0.02125 0.02125
0 0.94875 0.255 0.02625 0.0225
8 0.085 0.263125 0.0225 0.0225
0 0.144375 0.22375 0.025 0.02
7 0.503125 0.7675 0.03 0.02625
14 0.865625 0.2925 0.025 0.02125
2 0.990625 0.44125 0.0175 0.03
4 0.5375 0.236875 0.02625 0.0225
15 0.6375 0.3775 0.03125 0.0425
15 0.42125 0.37125 0.0325 0.04875