10 0.1475 0.398125 0.0175 0.0175
1 0.409375 0.33375 0.0175 0.0175
13 0.196875 0.40625 0.0175 0.0175
11 0.038125 0.474375 0.0175 0.0175
12 0.31625 0.316875 0.0175 0.0175
2 0.32375 0.41625 0.0175 0.0175
3 0.2175 0.520625 0.0175 0.0175
8 0.329375 0.271875 0.0175 0.0175
14 0.461875 0.28625 0.0175 0.0175
6 0.815625 0.530625 0.02 0.02
9 0.27375 0.308125 0.0175 0.0175
5 0.816875 0.389375 0.02 0.02
0 0.385625 0.235 0.0175 0.0175
4 0.8175 0.28125 0.0175 0.0175
15 0.69125 0.42875 0.0175 0.0175
7 0.80625 0.98875 0.02625 0.0225
15 0.95125 0.481875 0.02125 0.02625