13 0.958125 0.465 0.0175 0.0175
2 0.83125 0.456875 0.0175 0.0175
14 0.055625 0.344375 0.0175 0.0175
3 0.9325 0.571875 0.01875 0.02375
12 0.843125 0.363125 0.0175 0.0175
5 0.385 0.375625 0.02 0.02125
6 0.380625 0.4975 0.02 0.02125
8 0.830625 0.318125 0.0175 0.0175
9 0.88625 0.360625 0.0175 0.0175
4 0.39 0.28375 0.0175 0.0175
7 0.370625 0.891875 0.0275 0.02875
0 0.78 0.278125 0.0175 0.0175
15 0.495625 0.42625 0.0175 0.0175
15 0.271875 0.436875 0.0225 0.02125
14 0.708125 0.319375 0.0225 0.02125
1 0.75625 0.37125 0.02375 0.025