13 0.11125 0.440625 0.0175 0.0175
14 0.381875 0.304375 0.0175 0.0175
2 0.24625 0.444375 0.0175 0.0175
10 0.060625 0.43375 0.0175 0.0175
1 0.33 0.35875 0.0175 0.0175
3 0.136875 0.556875 0.0175 0.0175
12 0.235625 0.339375 0.0175 0.0175
5 0.73625 0.39 0.01875 0.01875
6 0.73875 0.530625 0.01875 0.02125
4 0.734375 0.286875 0.0175 0.0175
7 0.738125 0.9775 0.02375 0.02
9 0.19 0.33875 0.0175 0.0175
0 0.306875 0.25625 0.0175 0.0175
8 0.249375 0.296875 0.0175 0.0175
15 0.864375 0.476875 0.0175 0.0175
15 0.61375 0.43625 0.0175 0.02