13 0.87375 0.433125 0.02 0.0225
10 0.92625 0.42625 0.02 0.0225
6 0.25 0.528125 0.02125 0.0225
5 0.250625 0.3875 0.02 0.02
12 0.748125 0.335625 0.0175 0.0175
2 0.743125 0.436875 0.0225 0.025
14 0.605 0.299375 0.0175 0.02
9 0.796875 0.330625 0.0175 0.0175
8 0.74 0.29 0.0175 0.0175
3 0.85 0.548125 0.01875 0.02
1 0.6575 0.3525 0.02 0.0225
4 0.25125 0.285 0.0175 0.0175
0 0.681875 0.250625 0.0175 0.0175
15 0.375625 0.4375 0.0175 0.0175
7 0.2525 0.97625 0.02875 0.02375
15 0.12125 0.47125 0.02375 0.02625