13 0.88875 0.440625 0.0175 0.0175
14 0.618125 0.304375 0.0175 0.0175
2 0.75375 0.444375 0.0175 0.0175
10 0.939375 0.43375 0.0175 0.0175
1 0.67 0.35875 0.0175 0.0175
3 0.863125 0.556875 0.0175 0.0175
12 0.764375 0.339375 0.0175 0.0175
5 0.26375 0.39 0.01875 0.01875
6 0.26125 0.530625 0.01875 0.02125
4 0.265625 0.286875 0.0175 0.0175
7 0.261875 0.9775 0.02375 0.02
9 0.81 0.33875 0.0175 0.0175
0 0.693125 0.25625 0.0175 0.0175
8 0.750625 0.296875 0.0175 0.0175
15 0.135625 0.476875 0.0175 0.0175
15 0.38625 0.43625 0.0175 0.02