14 0.106875 0.345 0.0175 0.0175
6 0.424375 0.505625 0.0175 0.0175
2 0.87875 0.48 0.02 0.02625
12 0.89125 0.384375 0.0175 0.0175
5 0.429375 0.38375 0.0175 0.0175
0 0.825 0.29625 0.0175 0.0175
9 0.935 0.383125 0.0175 0.0175
1 0.800625 0.39 0.02 0.025
3 0.9825 0.6025 0.02375 0.02125
4 0.43375 0.293125 0.0175 0.0175
7 0.408125 0.89875 0.03 0.02875
8 0.880625 0.33875 0.0175 0.0175
15 0.53875 0.441875 0.0175 0.0175
15 0.314375 0.445625 0.02 0.015
14 0.7525 0.336875 0.0225 0.0175
1 0.051875 0.404375 0.02375 0.0225
0 0.031875 0.30625 0.01875 0.02125