13 0.041875 0.465 0.0175 0.0175
2 0.16875 0.456875 0.0175 0.0175
14 0.944375 0.344375 0.0175 0.0175
3 0.0675 0.571875 0.01875 0.02375
12 0.156875 0.363125 0.0175 0.0175
5 0.615 0.375625 0.02 0.02125
6 0.619375 0.4975 0.02 0.02125
8 0.169375 0.318125 0.0175 0.0175
9 0.11375 0.360625 0.0175 0.0175
4 0.61 0.28375 0.0175 0.0175
7 0.629375 0.891875 0.0275 0.02875
0 0.22 0.278125 0.0175 0.0175
15 0.504375 0.42625 0.0175 0.0175
15 0.728125 0.436875 0.0225 0.02125
14 0.291875 0.319375 0.0225 0.02125
1 0.24375 0.37125 0.02375 0.025