10 0.1625 0.403125 0.0175 0.0175
11 0.0575 0.47625 0.0175 0.0175
13 0.211875 0.4125 0.0175 0.0175
2 0.3375 0.424375 0.0175 0.0175
3 0.230625 0.525625 0.0175 0.0175
12 0.33125 0.32375 0.0175 0.0175
5 0.83375 0.4 0.0175 0.0175
8 0.344375 0.279375 0.0175 0.0175
1 0.423125 0.345 0.0175 0.0175
14 0.4775 0.29375 0.0175 0.0175
6 0.831875 0.5425 0.0175 0.0175
0 0.403125 0.24125 0.0175 0.0175
4 0.83375 0.29375 0.0175 0.0175
9 0.2875 0.316875 0.0175 0.0175
15 0.704375 0.4425 0.0175 0.0175
15 0.97 0.49625 0.0275 0.0225