6 0.17875 0.525 0.03625 0.04
5 0.175625 0.3925 0.03 0.0325
13 0.75 0.396875 0.025 0.03
2 0.631875 0.40875 0.02375 0.02625
14 0.50625 0.29125 0.0225 0.02375
3 0.731875 0.503125 0.02625 0.03
1 0.55625 0.334375 0.0225 0.02375
12 0.63875 0.315625 0.0225 0.0225
9 0.678125 0.31125 0.02 0.01625
8 0.625625 0.2775 0.02 0.01875
4 0.175625 0.29875 0.03 0.03
10 0.79125 0.39 0.0175 0.01875
11 0.88625 0.45625 0.025 0.03
0 0.574375 0.24375 0.02625 0.02
7 0.19375 0.950625 0.01875 0.0225
15 0.294375 0.435 0.03 0.03625
15 0.055625 0.49625 0.02375 0.0425