13 0.145625 0.390625 0.0175 0.0175
1 0.3675 0.344375 0.0175 0.0175
10 0.09375 0.379375 0.0175 0.0175
2 0.27875 0.4 0.0175 0.0175
12 0.270625 0.326875 0.0175 0.0175
5 0.788125 0.390625 0.0175 0.0175
7 0.72875 0.775625 0.02625 0.02375
0 0.3475 0.27125 0.0175 0.0175
9 0.225625 0.321875 0.0175 0.0175
8 0.28875 0.296875 0.0175 0.0175
3 0.17 0.471875 0.0175 0.0175
15 0.91375 0.4525 0.0175 0.0175
4 0.799375 0.314375 0.0175 0.0175
14 0.42375 0.311875 0.0175 0.0175
15 0.6525 0.41375 0.015 0.01625
6 0.771875 0.488125 0.01875 0.02125