13 0.854375 0.390625 0.0175 0.0175
1 0.6325 0.344375 0.0175 0.0175
10 0.90625 0.379375 0.0175 0.0175
2 0.72125 0.4 0.0175 0.0175
12 0.729375 0.326875 0.0175 0.0175
5 0.211875 0.390625 0.0175 0.0175
7 0.27125 0.775625 0.02625 0.02375
0 0.6525 0.27125 0.0175 0.0175
9 0.774375 0.321875 0.0175 0.0175
8 0.71125 0.296875 0.0175 0.0175
3 0.83 0.471875 0.0175 0.0175
15 0.08625 0.4525 0.0175 0.0175
4 0.200625 0.314375 0.0175 0.0175
14 0.57625 0.311875 0.0175 0.0175
15 0.3475 0.41375 0.015 0.01625
6 0.228125 0.488125 0.01875 0.02125