1 0.6325 0.365625 0.0175 0.0175
13 0.84 0.40875 0.0175 0.0175
10 0.893125 0.4 0.0175 0.0175
12 0.721875 0.35 0.0175 0.0175
8 0.7075 0.320625 0.0175 0.0175
5 0.233125 0.403125 0.0175 0.0175
6 0.245 0.49375 0.0175 0.0175
3 0.826875 0.48375 0.0175 0.0175
7 0.28 0.78625 0.02125 0.0225
14 0.57625 0.3325 0.0175 0.0175
9 0.765 0.345625 0.0175 0.0175
4 0.225625 0.3325 0.0175 0.0175
15 0.36125 0.42875 0.0175 0.0175
0 0.648125 0.296875 0.0175 0.0175
2 0.7175 0.416875 0.0175 0.0175
15 0.10875 0.463125 0.015 0.02