13 0.19375 0.410625 0.0175 0.0175
1 0.395625 0.37 0.0175 0.0175
6 0.768125 0.4975 0.0175 0.02
3 0.21 0.480625 0.0175 0.0175
7 0.731875 0.78 0.0225 0.02375
5 0.7775 0.410625 0.0175 0.0175
14 0.446875 0.33875 0.0175 0.0175
0 0.38 0.305 0.0175 0.0175
2 0.314375 0.41875 0.0175 0.0175
12 0.31 0.35625 0.0175 0.0175
4 0.785 0.343125 0.0175 0.0175
10 0.14875 0.403125 0.0175 0.0175
8 0.324375 0.326875 0.0175 0.0175
9 0.268125 0.35125 0.0175 0.0175
15 0.89625 0.470625 0.0175 0.0175
11 0.045625 0.445625 0.0175 0.0175
15 0.655 0.43375 0.0225 0.0225