13 0.80625 0.410625 0.0175 0.0175
1 0.604375 0.37 0.0175 0.0175
6 0.231875 0.4975 0.0175 0.02
3 0.79 0.480625 0.0175 0.0175
7 0.268125 0.78 0.0225 0.02375
5 0.2225 0.410625 0.0175 0.0175
14 0.553125 0.33875 0.0175 0.0175
0 0.62 0.305 0.0175 0.0175
2 0.685625 0.41875 0.0175 0.0175
12 0.69 0.35625 0.0175 0.0175
4 0.215 0.343125 0.0175 0.0175
10 0.85125 0.403125 0.0175 0.0175
8 0.675625 0.326875 0.0175 0.0175
9 0.731875 0.35125 0.0175 0.0175
15 0.10375 0.470625 0.0175 0.0175
11 0.954375 0.445625 0.0175 0.0175
15 0.345 0.43375 0.0225 0.0225