14 0.42125 0.3475 0.0175 0.0175
5 0.720625 0.408125 0.0175 0.0175
13 0.19 0.4175 0.0175 0.0175
3 0.20375 0.4825 0.0175 0.0175
12 0.295 0.364375 0.0175 0.0175
7 0.681875 0.74125 0.02375 0.02625
6 0.71125 0.486875 0.0175 0.0175
10 0.149375 0.410625 0.0175 0.0175
2 0.30125 0.421875 0.0175 0.0175
0 0.35875 0.319375 0.0175 0.0175
1 0.37375 0.376875 0.0175 0.0175
9 0.2525 0.361875 0.0175 0.0175
11 0.055625 0.455 0.0175 0.0175
8 0.30375 0.33875 0.0175 0.0175
4 0.7275 0.34875 0.0175 0.0175
15 0.824375 0.460625 0.0175 0.0175
15 0.61 0.43125 0.01875 0.0225