1 0.3675 0.365625 0.0175 0.0175
13 0.16 0.40875 0.0175 0.0175
10 0.106875 0.4 0.0175 0.0175
12 0.278125 0.35 0.0175 0.0175
8 0.2925 0.320625 0.0175 0.0175
5 0.766875 0.403125 0.0175 0.0175
6 0.755 0.49375 0.0175 0.0175
3 0.173125 0.48375 0.0175 0.0175
7 0.72 0.78625 0.02125 0.0225
14 0.42375 0.3325 0.0175 0.0175
9 0.235 0.345625 0.0175 0.0175
4 0.774375 0.3325 0.0175 0.0175
15 0.63875 0.42875 0.0175 0.0175
0 0.351875 0.296875 0.0175 0.0175
2 0.2825 0.416875 0.0175 0.0175
15 0.89125 0.463125 0.015 0.02