5 0.4075 0.32375 0.02625 0.03125
3 0.930625 0.50625 0.02625 0.03125
6 0.40375 0.43125 0.03 0.03625
1 0.76875 0.3225 0.0225 0.02625
14 0.0875 0.295 0.0225 0.02375
9 0.89875 0.315 0.0175 0.0175
2 0.838125 0.400625 0.0225 0.02625
12 0.85875 0.315 0.025 0.02375
14 0.725 0.27625 0.0225 0.0225
13 0.96625 0.40875 0.025 0.03
4 0.4125 0.23875 0.02625 0.02625
8 0.845 0.275 0.0175 0.0175
7 0.393125 0.759375 0.04125 0.04375
0 0.796875 0.231875 0.02625 0.0225
1 0.035 0.34625 0.0225 0.02375
0 0.005 0.25625 0.01 0.0125
15 0.299375 0.38375 0.03875 0.0425
15 0.51125 0.375 0.0375 0.03125