7 0.115625 0.36953125 0.01484375 0.03046875
6 0.1234375 0.521875 0.01640625 0.034375
0 0.91171875 0.515625 0.0140625 0.03203125
14 0.6671875 0.31171875 0.01015625 0.02109375
9 0.1109375 0.24609375 0.0109375 0.02109375
3 0.78203125 0.2328125 0.0109375 0.01796875
4 0.771875 0.40078125 0.0125 0.0234375
8 0.140625 0.953125 0.02578125 0.04296875
2 0.5984375 0.25546875 0.009375 0.02109375
12 0.7984375 0.28671875 0.00859375 0.01640625
5 0.70625 0.1890625 0.01171875 0.01640625
10 0.9609375 0.390625 0.0109375 0.021875