6 0.07377314814814814 0.5875 0.04714120370370369 0.0296875
14 0.5785069444444444 0.3703125 0.042349537037037165 0.015625
7 0.06543981481481483 0.446875 0.04552083333333332 0.021875
0 0.7998611111111111 0.54609375 0.04712962962962965 0.028125
9 0.05848958333333334 0.33046875 0.04077546296296295 0.0140625
3 0.6806307870370369 0.29453125 0.042314814814814736 0.0109375
5 0.6121585648148148 0.25703125 0.042303240740740836 0.009375
2 0.5155902777777778 0.32109375 0.0407754629629629 0.0140625
12 0.6966782407407408 0.34296875 0.04075231481481474 0.0109375
10 0.8397743055555555 0.43125 0.04391203703703681 0.015625
4 0.6748090277777777 0.44765625 0.042337962962962904 0.0140625
8 0.09343171296296296 0.9921875 0.048553240740740744 0.009375