6 0.8772337962962963 0.49146990740740737 0.0496412037037036 0.05032407407407398
7 0.8778645833333332 0.3384027777777778 0.04472222222222229 0.042442129629629656
0 0.08443865740740741 0.5500694444444445 0.04481481481481482 0.04556712962962948
9 0.8792245370370371 0.21343750000000003 0.03975694444444429 0.03299768518518516
3 0.202494212962963 0.25548032407407406 0.039571759259259306 0.026747685185185156
5 0.27578125 0.20675925925925925 0.03791666666666664 0.02359953703703699
4 0.21776041666666668 0.4254918981481482 0.041319444444444464 0.03302083333333332
12 0.1875925925925926 0.31036458333333333 0.037962962962962976 0.02516203703703699
10 0.029456018518518524 0.4290625 0.03819444444444444 0.03297453703703716
8 0.8782870370370371 0.930324074074074 0.04945601851851862 0.044074074074073974
2 0.3873263888888889 0.2636747685185185 0.036493055555555556 0.02826388888888891
14 0.3206539351851852 0.32635416666666667 0.036493055555555556 0.02826388888888882