7 0.9012037037037037 0.32404513888888886 0.04311342592592595 0.031770833333333304
6 0.9011226851851852 0.4796875 0.04481481481481495 0.036516203703703634
0 0.10057291666666668 0.5171585648148149 0.0431597222222222 0.033333333333333215
14 0.3396122685185185 0.2963541666666667 0.0396643518518518 0.02071759259259256
9 0.9006250000000001 0.19892939814814814 0.03814814814814795 0.022222222222222233
3 0.21852430555555555 0.22184606481481478 0.03961805555555555 0.01915509259259256
4 0.23765624999999999 0.39241898148148147 0.041319444444444464 0.023900462962962978
8 0.9047800925925926 0.9198784722222222 0.055983796296296615 0.04473379629629619
2 0.4058449074074074 0.23524305555555552 0.03814814814814813 0.022222222222222143
12 0.2053472222222222 0.2786458333333333 0.03644675925925931 0.017476851851851903
5 0.29374421296296294 0.17369791666666665 0.04113425925925931 0.017650462962962975
10 0.04447916666666667 0.39253472222222224 0.04127314814814814 0.022337962962962976