6 0.9585185185185185 0.6438541666666666 0.03312500000000007 0.04107638888888889
7 0.9775694444444444 0.47399305555555554 0.033090277777777996 0.036388888888888894
0 0.0813599537037037 0.54390625 0.03151620370370369 0.034791666666666644
14 0.36657407407407405 0.34715277777777775 0.02359953703703708 0.02055555555555557
5 0.3311863425925926 0.2096701388888889 0.026689814814814826 0.015937499999999983
9 0.9890625 0.33515625 0.021875 0.0171875
2 0.4450636574074074 0.29265625 0.02359953703703699 0.02055555555555557
3 0.24554976851851854 0.24838541666666666 0.023564814814814827 0.015868055555555573
4 0.24223958333333337 0.43421875 0.02673611111111107 0.022187500000000072
10 0.0365625 0.40152777777777776 0.02675925925925926 0.02531250000000007
12 0.22410300925925924 0.30571180555555555 0.021990740740740745 0.014270833333333321