4 0.5553182870370371 0.5208101851851852 0.042581018518518476 0.027025462962962977
14 0.6656655092592592 0.45194444444444437 0.03938657407407398 0.02224537037037031
13 0.4892013888888889 0.39782407407407405 0.03621527777777782 0.019027777777777734
5 0.634693287037037 0.3286979166666667 0.036122685185185154 0.012777777777777822
3 0.5615509259259259 0.36366319444444445 0.037777777777777646 0.019074074074074066
10 0.3957407407407408 0.48649305555555555 0.039432870370370396 0.02537037037037031
2 0.7421296296296296 0.403605324074074 0.036261574074073974 0.022152777777777643
12 0.5397511574074074 0.41194444444444445 0.03460648148148149 0.01585648148148149
1 0.21875 0.520630787037037 0.04097222222222223 0.02385416666666664
11 0.3390335648148148 0.46630787037037036 0.03938657407407416 0.02224537037037031
0 0.4260011574074074 0.6050752314814816 0.04113425925925931 0.034791666666666644