6 0.9207812499999999 0.48595486111111114 0.03182870370370381 0.04107638888888889
0 0.051047453703703706 0.5443576388888889 0.027071759259259264 0.03628472222222214
7 0.9183043981481482 0.31876736111111115 0.030196759259258955 0.036354166666666646
9 0.915486111111111 0.18128472222222222 0.02376157407407433 0.023715277777777776
14 0.307662037037037 0.29951388888888886 0.02373842592592599 0.02215277777777782
4 0.19827546296296297 0.4066666666666666 0.025370370370370397 0.026875000000000072
3 0.17287615740740742 0.2220138888888889 0.022152777777777778 0.02055555555555557
2 0.37701388888888887 0.2331076388888889 0.022175925925925898 0.02211805555555557
5 0.2541550925925926 0.16940972222222223 0.02364583333333332 0.015902777777777776
12 0.1604976851851852 0.28324652777777776 0.02054398148148149 0.017395833333333322
8 0.9355381944444445 0.9545312499999999 0.029826388888889 0.011354166666666643