7 0.04904513888888888 0.5203645833333332 0.035243055555555555 0.03947916666666664
6 0.06267361111111111 0.6768402777777778 0.03374999999999999 0.04256944444444457
0 0.8608854166666667 0.6492881944444445 0.030347222222222213 0.030000000000000072
9 0.03998263888888889 0.3936631944444445 0.028645833333333325 0.02371527777777782
3 0.7188194444444445 0.3704861111111111 0.026979166666666644 0.018993055555555572
10 0.9010590277777778 0.5244618055555555 0.027152777777777713 0.026805555555555572
2 0.5413541666666666 0.39621527777777776 0.02545138888888889 0.02052083333333332
11 0.9733680555555555 0.5104513888888889 0.028611111111111143 0.022152777777777643
4 0.7202083333333333 0.5384027777777778 0.025486111111111143 0.022083333333333323
14 0.6121006944444444 0.45244791666666667 0.025486111111111143 0.022083333333333323
12 0.7395486111111111 0.4248263888888889 0.023784722222222145 0.015798611111111072