7 0.1484375 0.3625 0.0171875 0.0359375
9 0.14375 0.23359375 0.01015625 0.02109375
6 0.15546875 0.52109375 0.0171875 0.0390625
8 0.16875 0.9703125 0.02578125 0.05
14 0.7265625 0.31015625 0.0109375 0.02109375
5 0.7703125 0.18203125 0.01015625 0.0140625
2 0.65390625 0.25 0.0109375 0.021875
0 0.99296875 0.53359375 0.0140625 0.0390625
4 0.8390625 0.40703125 0.0140625 0.0265625
12 0.86875 0.28515625 0.01015625 0.01953125
3 0.8515625 0.22734375 0.01015625 0.01640625
13 0.9375 0.27578125 0.01015625 0.01796875