8 0.5913657407407408 0.9221064814814814 0.07086805555555564 0.08119212962962977
6 0.978125 0.6953125 0.04375 0.028125
0 0.1965162037037037 0.6827546296296296 0.03915509259259262 0.017534722222222143
1 0.06434027777777777 0.6681134259259259 0.0391550925925926 0.017534722222222143
10 0.25957175925925924 0.6499421296296296 0.0391319444444445 0.014409722222222143
11 0.2228298611111111 0.6481770833333333 0.03756944444444441 0.014351851851851904
4 0.39868055555555554 0.6510416666666667 0.04228009259259258 0.017650462962962975
14 0.5446296296296296 0.626099537037037 0.03760416666666657 0.019039351851851904
2 0.6398726851851851 0.6131944444444445 0.03445601851851841 0.015798611111111072
3 0.49763888888888885 0.6122106481481481 0.037557870370370415 0.012789351851851904
5 0.5733680555555555 0.6023726851851852 0.0360069444444445 0.014293981481481487