7 0.12328125000000001 0.63984375 0.02850694444444448 0.0171875
9 0.07390624999999999 0.61171875 0.023680555555555573 0.0109375
8 0.5598784722222222 0.9265625 0.04482638888888886 0.0484375
10 0.9188541666666665 0.66328125 0.026840277777777997 0.0125
11 0.9634027777777778 0.6625 0.028298611111111073 0.0078125
14 0.6171180555555555 0.6359375 0.026909722222222144 0.015625
4 0.7720312500000001 0.6609375 0.03326388888888889 0.0203125
6 0.21194444444444444 0.69296875 0.0380208333333333 0.0234375
5 0.5887673611111112 0.6109375 0.023541666666666572 0.0046875
2 0.5229166666666666 0.62109375 0.023541666666666572 0.0046875
3 0.6627430555555556 0.621875 0.025138888888889 0.00625
12 0.7101215277777777 0.634375 0.025208333333333322 0.009375
13 0.7531076388888889 0.63359375 0.023611111111111072 0.0078125