8 0.551579861111111 0.9312037037037036 0.05483796296296291 0.055219907407407474
6 0.9339120370370371 0.7361747685185185 0.035208333333333286 0.025254629629629655
0 0.15473958333333332 0.6629398148148148 0.026932870370370354 0.009513888888888822
10 0.2203125 0.6357986111111111 0.026886574074074066 0.007951388888888999
11 0.17952546296296296 0.6297280092592592 0.029965277777777778 0.006435185185185333
4 0.3619502314814815 0.6457060185185185 0.028541666666666642 0.011099537037037166
14 0.508431712962963 0.6346006944444443 0.025416666666666643 0.011053240740740832
2 0.6050752314814816 0.6282233796296296 0.02693287037037031 0.009513888888888822
3 0.4641724537037037 0.6167650462962962 0.02366898148148149 0.0047800925925926665
5 0.5374710648148148 0.6131655092592593 0.020497685185185154 0.003171296296296333
12 0.41833333333333333 0.6246759259259259 0.026840277777777644 0.006388888888888822
13 0.3776157407407408 0.6209490740740741 0.02371527777777782 0.006342592592592666