6 0.13828125 0.5265625 0.0265625 0.04140625
7 0.12109375 0.39140625 0.01796875 0.03125
9 0.11484375 0.34375 0.01171875 0.0140625
5 0.58671875 0.30078125 0.00703125 0.009375
2 0.4953125 0.31875 0.01015625 0.01171875
3 0.62109375 0.30703125 0.00703125 0.01015625
12 0.665625 0.325 0.00703125 0.01328125
13 0.709375 0.32109375 0.00625 0.009375
10 0.88046875 0.36328125 0.009375 0.01484375
11 0.91875 0.35546875 0.0125 0.0125
4 0.7421875 0.37734375 0.0140625 0.0265625
14 0.58203125 0.3390625 0.0125 0.01953125