6 0.11599537037037037 0.5177604166666667 0.037280092592592594 0.04597222222222221
7 0.11076388888888888 0.37770833333333337 0.027534722222222197 0.03326388888888889
9 0.10829282407407406 0.32918402777777783 0.019166666666666644 0.014340277777777822
5 0.5947858796296297 0.3212326388888889 0.012824074074073977 0.011076388888888821
2 0.4998842592592593 0.3316319444444445 0.01912037037037031 0.012777777777777822
3 0.6304918981481482 0.32984375 0.012824074074073977 0.01107638888888891
12 0.6736168981481482 0.3519097222222222 0.014479166666666644 0.014236111111111071
13 0.7189988425925925 0.3505729166666667 0.012824074074073977 0.011076388888888821
10 0.8900810185185184 0.4075347222222222 0.017650462962962975 0.015868055555555573
11 0.9308912037037038 0.4021875 0.019166666666666644 0.014340277777777822
4 0.7484664351851851 0.41142361111111114 0.022708333333333285 0.028472222222222142
14 0.5866203703703704 0.3593576388888889 0.0209143518518518 0.02062500000000007