0 0.11640625 0.40344907407407404 0.03125 0.03672453703703713
1 0.015625 0.34186921296296297 0.01875 0.022291666666666644
4 0.36484375 0.3553414351851852 0.0234375 0.025555555555555554
10 0.2390625 0.3336458333333333 0.0171875 0.0191203703703704
11 0.20546875 0.322494212962963 0.01875 0.019166666666666644
14 0.5265625 0.32966435185185183 0.0203125 0.023900462962962978
2 0.61796875 0.3167476851851852 0.0109375 0.014247685185185155
12 0.4421875 0.30919560185185185 0.009375 0.012638888888888911
13 0.40390625 0.30259259259259264 0.0140625 0.01590277777777782
5 0.52265625 0.2897048611111111 0.0140625 0.008090277777777821
3 0.48359375 0.29401620370370374 0.0109375 0.012685185185185155