8 0.53984375 0.89921875 0.06015625 0.11875
6 0.70390625 0.35859375 0.01875 0.03125
7 0.7171875 0.3203125 0.0109375 0.0140625
9 0.72265625 0.3015625 0.00546875 0.00546875
0 0.01015625 0.32578125 0.01015625 0.01328125
11 0.0703125 0.29375 0.01015625 0.00703125
10 0.10390625 0.29765625 0.0078125 0.01171875
14 0.3453125 0.29296875 0.01015625 0.01328125
4 0.21953125 0.3046875 0.01015625 0.0109375
12 0.27578125 0.28671875 0.00703125 0.009375
5 0.36953125 0.27890625 0.00625 0.00546875
2 0.41328125 0.28828125 0.0078125 0.00859375
13 0.24921875 0.28359375 0.0078125 0.0046875
3 0.32421875 0.2828125 0.00703125 0.00625