0 0.36530092592592595 0.36015625 0.017303240740740744 0.015625
1 0.2811400462962963 0.33125 0.022060185185185155 0.025
5 0.09053819444444444 0.328125 0.025138888888888877 0.01875
4 0.5426620370370371 0.3578125 0.028310185185185154 0.025
14 0.6762731481481481 0.35546875 0.01887731481481474 0.0171875
2 0.7645601851851852 0.3546875 0.02199074074074083 0.015625
12 0.5967013888888889 0.33984375 0.015729166666666572 0.0140625
13 0.5693981481481482 0.334375 0.0156944444444445 0.009375
5 0.702962962962963 0.33828125 0.014108796296296333 0.00625
10 0.4342071759259259 0.3390625 0.020416666666666573 0.0140625
11 0.4100405092592593 0.33203125 0.0188194444444445 0.009375