7 0.8203125 0.39453125 0.02109375 0.02109375
8 0.78828125 0.9609375 0.02265625 0.025
6 0.81015625 0.5671875 0.02109375 0.0203125
10 0.1296875 0.43515625 0.0203125 0.0203125
9 0.83203125 0.2328125 0.01875 0.01875
4 0.2890625 0.4453125 0.0203125 0.02109375
0 0.20625 0.5765625 0.01875 0.0203125
5 0.296875 0.1578125 0.01875 0.01875
2 0.40859375 0.2515625 0.01640625 0.01484375
4 0.0578125 0.4203125 0.02109375 0.02109375
14 0.36015625 0.3296875 0.0171875 0.0171875
3 0.23671875 0.2234375 0.0171875 0.02265625
13 0.18125 0.2859375 0.0140625 0.02109375
12 0.240625 0.296875 0.0140625 0.025