14 0.3671875 0.365625 0.0171875 0.0171875
10 0.16015625 0.40859375 0.0171875 0.0171875
11 0.10703125 0.4 0.0171875 0.0171875
12 0.278125 0.35 0.0171875 0.0171875
3 0.2921875 0.3203125 0.0171875 0.0171875
7 0.7671875 0.403125 0.0171875 0.0171875
6 0.7546875 0.49375 0.0171875 0.0171875
0 0.1734375 0.48359375 0.0171875 0.0171875
8 0.7203125 0.7859375 0.02109375 0.02265625
2 0.4234375 0.3328125 0.0171875 0.0171875
13 0.23515625 0.3453125 0.0171875 0.0171875
9 0.77421875 0.3328125 0.0171875 0.0171875
5 0.3515625 0.296875 0.0171875 0.0171875
4 0.2828125 0.4171875 0.0171875 0.0171875