7 0.19975115740740743 0.2999826388888889 0.056805555555555554 0.014212962962962905
8 0.19074652777777779 0.9203645833333333 0.0679282407407407 0.020543981481481666
6 0.19763888888888886 0.5031365740740741 0.05846064814814813 0.01734953703703699
0 0.8960590277777779 0.5880150462962963 0.06006944444444429 0.01892361111111107
5 0.8662557870370371 0.06424189814814815 0.05524305555555529 0.014201388888888888
14 0.7521006944444444 0.2775057870370371 0.05846064814814813 0.01734953703703699
13 0.97890625 0.23671875 0.0421875 0.0171875
4 0.8189583333333333 0.4210011574074074 0.05855324074074062 0.02047453703703699
2 0.706695601851852 0.17480324074074077 0.05524305555555564 0.014201388888888911
9 0.20011574074074073 0.10306712962962963 0.05381944444444446 0.018877314814814826
3 0.9277025462962962 0.15299768518518517 0.05556712962962962 0.025138888888888912
12 0.9092997685185186 0.24663194444444442 0.05239583333333329 0.023553240740740743