7 0.11830439814814815 0.40013888888888893 0.03315972222222223 0.02204861111111107
8 0.17678819444444444 0.9873842592592592 0.033206018518518524 0.023668981481481666
6 0.1359664351851852 0.5791956018518519 0.03315972222222223 0.02204861111111107
0 0.7645891203703703 0.5502546296296297 0.03313657407407398 0.020486111111111073
2 0.5411979166666667 0.22903356481481482 0.028402777777777822 0.017326388888888822
5 0.6521006944444444 0.12671875 0.03313657407407398 0.020486111111111073
4 0.6742766203703704 0.42300925925925925 0.030011574074073975 0.020462962962962905
11 0.9077256944444445 0.38176504629629626 0.033159722222222146 0.02204861111111107
14 0.593900462962963 0.31068287037037035 0.02842592592592581 0.018888888888888823
10 0.834056712962963 0.3968460648148148 0.030011574074073975 0.020462962962962995
12 0.7133449074074074 0.2646875 0.028402777777777645 0.017326388888888912
9 0.0958275462962963 0.22964120370370367 0.030011574074074066 0.020462962962962905
13 0.7791203703703704 0.2550173611111111 0.033159722222222146 0.02204861111111107
3 0.7167766203703703 0.19126736111111112 0.030011574074073975 0.02046296296296295