12 0.8234375 0.4734375 0.0171875 0.01875
9 0.3125 0.43046875 0.0171875 0.0171875
3 0.81328125 0.42734375 0.01875 0.0171875
5 0.7546875 0.38828125 0.01875 0.01875
8 0.36484375 0.96328125 0.0203125 0.02265625
0 0.9015625 0.6734375 0.0171875 0.0171875
10 0.9484375 0.5671875 0.01875 0.0171875
7 0.321875 0.52734375 0.01640625 0.01640625
4 0.7984375 0.5703125 0.0171875 0.01640625
6 0.33359375 0.64609375 0.01640625 0.0171875
13 0.8734375 0.46796875 0.01875 0.0171875
2 0.6671875 0.4421875 0.0171875 0.0171875
14 0.7203125 0.49375 0.0171875 0.01484375