7 0.6325578703703704 0.47509259259259257 0.04387731481481474 0.014571759259259309
10 0.026631944444444444 0.5188715277777778 0.04387731481481481 0.014571759259259309
4 0.16494212962962962 0.5190625000000001 0.04543981481481483 0.014618055555555643
0 0.06431712962962963 0.600474537037037 0.04545138888888889 0.016180555555555642
14 0.24118055555555556 0.4595891203703705 0.04543981481481483 0.014618055555555643
6 0.636568287037037 0.5666377314814814 0.043888888888889 0.01613425925925931
2 0.98515625 0.45703125 0.0296875 0.0140625
9 0.6291724537037038 0.40466435185185184 0.04543981481481474 0.014618055555555643
13 0.09832175925925926 0.44050925925925927 0.04387731481481483 0.014571759259259309
8 0.6478530092592593 0.8365625000000001 0.04861111111111107 0.020960648148147954
5 0.2097048611111111 0.38364004629629633 0.04387731481481483 0.014571759259259309
3 0.15401041666666665 0.41246527777777775 0.04388888888888891 0.01613425925925931
12 0.1428298611111111 0.4449537037037038 0.04545138888888891 0.016180555555555642
2 0.28833912037037035 0.4226967592592592 0.04385416666666666 0.01144675925925931