7 0.5243113425925926 0.3347858796296296 0.017696759259259308 0.017696759259259308
2 0.865 0.3206828703703704 0.017743055555555644 0.01925925925925931
14 0.9143460648148147 0.3791261574074074 0.01930555555555564 0.019305555555555555
4 0.9928443287037038 0.47751157407407413 0.014311342592592525 0.017696759259259308
6 0.5191435185185185 0.45015625000000004 0.017696759259259308 0.017696759259259308
9 0.52953125 0.24751736111111108 0.017696759259259308 0.017696759259259308
5 0.9514351851851852 0.28733796296296293 0.017743055555555286 0.01925925925925931
8 0.4996412037037037 0.7930266203703704 0.02900462962962962 0.030520833333333285
5 0.12061342592592594 0.2244733796296296 0.0191203703703704 0.013055555555555553
3 0.060856481481481484 0.2625115740740741 0.017650462962962975 0.01613425925925931
12 0.047309027777777776 0.30582175925925925 0.020868055555555553 0.019351851851851797
2 0.1969097222222222 0.27044560185185185 0.017650462962962975 0.01613425925925931
14 0.14372685185185186 0.31960648148148146 0.016180555555555552 0.019212962962962977
4 0.0617361111111111 0.39757523148148144 0.025509259259259266 0.01792824074074071