7 0.309375 0.35234375 0.0171875 0.0171875
4 0.859375 0.4546875 0.0171875 0.0171875
12 0.88359375 0.3453125 0.0171875 0.0171875
6 0.3015625 0.4921875 0.0171875 0.0171875
14 0.76953125 0.35625 0.0171875 0.0171875
0 0.9828125 0.58828125 0.0171875 0.0171875
3 0.87265625 0.2953125 0.0171875 0.0171875
5 0.8078125 0.24765625 0.0171875 0.0171875
2 0.7140625 0.29765625 0.0171875 0.0171875
13 0.9390625 0.34609375 0.0171875 0.0171875
9 0.315625 0.2484375 0.0171875 0.0171875
8 0.2828125 0.9171875 0.03359375 0.0421875