7 0.22238425925925923 0.4502314814814815 0.03141203703703699 0.019502314814814882
6 0.2405844907407407 0.6291956018518519 0.03454861111111107 0.021180555555555536
0 0.8835300925925924 0.6085069444444444 0.03297453703703681 0.019560185185185118
5 0.7626099537037037 0.1677951388888889 0.03141203703703699 0.019502314814814792
0 0.9604687500000001 0.4494502314814815 0.034525462962962904 0.018055555555555537
4 0.7884780092592593 0.47144097222222214 0.03297453703703716 0.019560185185185118
14 0.7034375 0.35353009259259255 0.03140046296296291 0.01793981481481488
2 0.6493576388888889 0.2735243055555555 0.029826388888889 0.016319444444444463
9 0.2072222222222222 0.2828703703703704 0.02356481481481474 0.014525462962962976
3 0.8324479166666666 0.22925347222222223 0.033032407407407406 0.027372685185185118
13 0.8983564814814816 0.2939814814814815 0.025115740740740477 0.013020833333333393
12 0.8318634259259259 0.3081597222222222 0.028298611111111073 0.020949074074074047