6 0.225 0.53828125 0.02109375 0.02265625
10 0.92734375 0.42265625 0.0171875 0.0171875
0 0.903125 0.5390625 0.0171875 0.0171875
12 0.7796875 0.3234375 0.0171875 0.0171875
2 0.609375 0.2890625 0.0171875 0.0171875
4 0.7734375 0.4296875 0.0171875 0.0171875
11 0.99140625 0.41171875 0.0171875 0.0171875
5 0.69375 0.2359375 0.0171875 0.0171875
13 0.83203125 0.3171875 0.0171875 0.0171875
8 0.28046875 0.9765625 0.02109375 0.02265625
14 0.675 0.3453125 0.0171875 0.0171875
3 0.7609375 0.2734375 0.0171875 0.0171875
9 0.1921875 0.28203125 0.02265625 0.01875
7 0.2078125 0.39296875 0.02734375 0.0203125