7 0.3078125 0.34146990740740735 0.028125 0.02517361111111107
4 0.90703125 0.4175 0.0328125 0.02677083333333332
6 0.3140625 0.45079861111111114 0.0265625 0.022037037037036987
12 0.91640625 0.33383680555555556 0.025 0.023587962962962904
2 0.73203125 0.29535879629629636 0.025 0.023587962962962904
5 0.828125 0.2579282407407407 0.025 0.020462962962962995
8 0.3328125 0.8084722222222223 0.0296875 0.029872685185185332
13 0.9765625 0.3326099537037037 0.025 0.018900462962962904
3 0.90078125 0.29489004629629634 0.0234375 0.018888888888888823
9 0.30234375 0.25166666666666665 0.0234375 0.01888888888888891
14 0.79765625 0.3394039351851852 0.025 0.020462962962962995