6 0.23515625 0.61484375 0.02109375 0.02265625
7 0.225 0.4390625 0.0203125 0.0203125
5 0.76328125 0.209375 0.0171875 0.01875
0 0.8609375 0.6453125 0.0203125 0.0203125
10 0.9421875 0.49609375 0.0203125 0.0203125
2 0.64609375 0.29921875 0.0171875 0.01640625
4 0.7703125 0.5046875 0.02109375 0.02265625
9 0.21640625 0.27578125 0.0171875 0.02109375
14 0.69609375 0.38515625 0.0171875 0.02265625
12 0.82109375 0.353125 0.0140625 0.0171875
3 0.825 0.2765625 0.0125 0.01484375
13 0.884375 0.3421875 0.0140625 0.0265625