2 0.6479224537037037 0.35234375 0.034513888888889 0.0171875
0 0.8763599537037038 0.60546875 0.03292824074074048 0.0140625
7 0.26265046296296296 0.4421875 0.032939814814814825 0.015625
10 0.9396006944444444 0.49453125 0.034513888888889 0.0171875
12 0.8130324074074075 0.38828125 0.0345023148148151 0.015625
9 0.2641840277777778 0.3328125 0.034502314814814826 0.015625
4 0.7763310185185185 0.49609375 0.03293981481481474 0.015625
8 0.25995370370370374 0.921875 0.034525462962962904 0.01875
14 0.6983333333333333 0.4078125 0.034502314814814736 0.015625
5 0.7490451388888889 0.29296875 0.034513888888889 0.0171875
6 0.2620601851851852 0.5734375 0.032939814814814825 0.015625
3 0.8079687499999999 0.3375 0.034513888888889 0.0171875
13 0.8692418981481481 0.3828125 0.031388888888889 0.0171875