12 0.6758969907407407 0.28571180555555553 0.05482638888888882 0.019166666666666644
0 0.7979456018518518 0.47046875000000005 0.05638888888888882 0.019201388888888893
4 0.6743865740740741 0.38416666666666666 0.054826388888889 0.019166666666666644
7 0.13589120370370372 0.42503472222222227 0.05483796296296299 0.020729166666666642
10 0.8128298611111111 0.35921875000000003 0.0564004629629629 0.020763888888888894
2 0.5142766203703704 0.27602430555555557 0.05482638888888882 0.019166666666666644
3 0.6551215277777778 0.24321180555555558 0.05482638888888882 0.019166666666666644
6 0.15986111111111112 0.5635416666666666 0.059537037037037034 0.022395833333333216
13 0.7220659722222222 0.27453125 0.054826388888889 0.019166666666666644
9 0.11403356481481483 0.31772569444444443 0.05638888888888891 0.019201388888888893
5 0.5897337962962963 0.2126388888888889 0.05483796296296291 0.020729166666666642
11 0.8645023148148148 0.3432291666666667 0.054826388888889 0.019166666666666644
8 0.23646412037037035 0.9781770833333333 0.07680555555555557 0.03371527777777779
14 0.5787847222222222 0.3198958333333334 0.05483796296296291 0.020729166666666642
1 0.97890625 0.4015625 0.0421875 0.025