10 0.6757523148148148 0.3761400462962963 0.02856481481481481 0.029872685185185155
11 0.7815798611111111 0.3527025462962963 0.030150462962962976 0.03144675925925924
14 0.2224247685185185 0.33371527777777776 0.02690972222222223 0.023611111111111072
2 0.10763310185185185 0.2766087962962963 0.02695601851851852 0.02673611111111107
13 0.5202488425925926 0.27185185185185184 0.026909722222222144 0.023611111111111072
4 0.4024826388888889 0.41552662037037036 0.026979166666666644 0.028298611111111073
5 0.2791840277777778 0.19427662037037038 0.030011574074074066 0.02207175925925924
3 0.400480324074074 0.23424189814814814 0.026886574074073976 0.02204861111111107
12 0.4332523148148148 0.28995949074074073 0.03472222222222214 0.02366898148148149
1 0.987662037037037 0.4182986111111111 0.01613425925925931 0.03446759259259267
0 0.6236921296296296 0.5148321759259259 0.03490740740740748 0.03616898148148149