10 0.10703125 0.515625 0.0171875 0.0171875
4 0.221875 0.5171875 0.0171875 0.0171875
7 0.6234375 0.47421875 0.0171875 0.0171875
6 0.62578125 0.55390625 0.0171875 0.0171875
2 0.92734375 0.459375 0.0171875 0.0171875
11 0.06171875 0.51328125 0.0171875 0.0171875
12 0.2046875 0.45390625 0.0171875 0.0171875
0 0.13671875 0.5875 0.0171875 0.0171875
8 0.9671875 0.14140625 0.0171875 0.0171875
14 0.9765625 0.49765625 0.0171875 0.0171875
5 0.2609375 0.40390625 0.0171875 0.0171875
3 0.21328125 0.428125 0.0171875 0.0171875
9 0.62109375 0.41484375 0.0171875 0.0171875
13 0.165625 0.45078125 0.0171875 0.0171875
8 0.6328125 0.7859375 0.0296875 0.03125
2 0.32734375 0.43359375 0.0171875 0.01484375
14 0.28671875 0.46484375 0.0140625 0.01484375