10 0.20859375 0.465625 0.0171875 0.0171875
2 0.490625 0.359375 0.0171875 0.0171875
7 0.8703125 0.47109375 0.0171875 0.0171875
4 0.340625 0.4796875 0.0171875 0.0171875
14 0.43203125 0.40703125 0.0171875 0.0171875
9 0.8859375 0.3671875 0.0171875 0.0171875
11 0.1578125 0.45546875 0.0171875 0.0171875
12 0.33671875 0.38359375 0.0171875 0.0171875
5 0.41875 0.3078125 0.0171875 0.0171875
13 0.2921875 0.3765625 0.0171875 0.0171875
3 0.3546875 0.340625 0.0171875 0.0171875
6 0.8515625 0.6109375 0.0171875 0.0171875
1 0.04296875 0.52109375 0.0171875 0.0171875
0 0.22421875 0.57421875 0.03125 0.0265625