7 0.28994791666666664 0.307193287037037 0.023692129629629653 0.017314814814814828
10 0.9153182870370371 0.3830208333333333 0.025277777777777642 0.018888888888888823
11 0.9723958333333332 0.3794733796296296 0.023715277777777998 0.018877314814814826
6 0.28183449074074074 0.4330208333333333 0.025254629629629655 0.017326388888889
12 0.8004166666666667 0.28232060185185187 0.025277777777778 0.01888888888888891
3 0.7909201388888889 0.23786458333333335 0.023692129629629476 0.017314814814814738
0 0.8738657407407409 0.4919097222222222 0.025254629629629478 0.017326388888889
2 0.6533506944444445 0.24357060185185184 0.025254629629629655 0.017326388888888912
14 0.7017824074074074 0.2963310185185185 0.023692129629629653 0.017314814814814828
5 0.7368460648148148 0.19686342592592593 0.025254629629629655 0.017326388888888912
8 0.25658564814814816 0.8191030092592593 0.026886574074074066 0.022025462962962906
9 0.2975868055555556 0.21339699074074076 0.025254629629629655 0.017326388888888912
13 0.846556712962963 0.2788541666666667 0.023715277777777644 0.018877314814814826
4 0.7763252314814815 0.3793634259259259 0.025277777777777823 0.01888888888888891