10 0.04390046296296296 0.4120891203703703 0.023692129629629632 0.017326388888889
2 0.3130208333333333 0.28359953703703705 0.02371527777777782 0.01888888888888891
7 0.6572337962962963 0.3603761574074074 0.02215277777777782 0.018877314814814826
6 0.6546469907407408 0.48224537037037035 0.023715277777777644 0.018888888888888823
0 0.07358796296296297 0.5177893518518518 0.02212962962962963 0.017314814814814738
4 0.18066550925925925 0.4099768518518518 0.02212962962962961 0.017314814814814738
12 0.16799189814814813 0.31612268518518516 0.022152777777777778 0.018877314814814826
14 0.2622569444444444 0.33479166666666665 0.022129629629629655 0.017314814814814738
5 0.23553240740740744 0.24005208333333333 0.022129629629629655 0.017314814814814828
9 0.6593807870370371 0.26819444444444446 0.02371527777777782 0.01888888888888891
3 0.17872685185185183 0.2771354166666667 0.023692129629629653 0.017326388888888822
8 0.6483912037037036 0.8517708333333334 0.030104166666666644 0.028310185185185334
13 0.11957754629629629 0.31420138888888893 0.022152777777777778 0.01887731481481474