6 0.5642766203703704 0.577662037037037 0.023993055555555642 0.019444444444444466
2 0.9545138888888889 0.4445891203703704 0.02560185185185162 0.02106481481481488
8 0.5728356481481482 0.8418981481481481 0.025787037037036952 0.027314814814814882
14 0.12342592592592591 0.46990740740740744 0.024039351851851888 0.021006944444444463
3 0.00703125 0.41640625 0.0140625 0.0203125
5 0.06680555555555556 0.3791377314814815 0.023993055555555552 0.019444444444444466
7 0.5610127314814815 0.4771122685185185 0.023993055555555642 0.019444444444444466
4 0.044780092592592594 0.5430555555555555 0.025555555555555554 0.019502314814814882
9 0.5589409722222223 0.3890046296296296 0.024039351851851798 0.021006944444444463
12 0.00546875 0.46015625 0.0109375 0.0203125
2 0.17391782407407408 0.42511574074074077 0.024039351851851843 0.021006944444444463