11 0.26155671296296296 0.49782986111111105 0.054918981481481485 0.04136574074074062
10 0.3915046296296296 0.5291435185185185 0.06437500000000007 0.05258101851851862
13 0.5192766203703704 0.37219907407407404 0.054895833333333324 0.0382407407407408
14 0.8872106481481481 0.4621006944444444 0.058078703703703737 0.04614583333333329
0 0.5164178240740741 0.7247048611111111 0.059687500000000074 0.052442129629629616
4 0.7114988425925926 0.5821759259259259 0.05965277777777782 0.04775462962962962
3 0.6423032407407407 0.3130729166666667 0.05333333333333332 0.03819444444444446
12 0.6343287037037036 0.3969212962962963 0.056516203703703735 0.04609953703703704
5 0.7731134259259259 0.24980902777777775 0.05643518518518516 0.03516203703703704
2 0.98984375 0.375 0.0203125 0.04375
1 0.05212962962962962 0.6024942129629629 0.056504629629629634 0.04453703703703695