5 0.60234375 0.05536458333333333 0.0609375 0.03184027777777778
3 0.6578125 0.19866319444444444 0.0625 0.031874999999999966
13 0.71484375 0.3388020833333333 0.0671875 0.03979166666666671
11 0.83515625 0.6478472222222222 0.059375 0.03805555555555564
1 0.94375 0.9094965277777778 0.06875 0.053888888888888785
12 0.57109375 0.3584027777777778 0.0609375 0.04121527777777771
10 0.66484375 0.6680381944444445 0.065625 0.05225694444444447
2 0.2625 0.2472916666666667 0.059375 0.050555555555555555
14 0.28125 0.42734375 0.06875 0.038263888888888965
4 0.30859375 0.6806423611111111 0.075 0.046215277777777786
0 0.34296875 0.9775347222222223 0.0671875 0.03197916666666671