12 0.876423611111111 0.3061979166666667 0.054965277777778 0.030104166666666644
6 0.24703125000000004 0.45842013888888894 0.05655092592592599 0.03170138888888889
2 0.6855729166666666 0.27295138888888887 0.05337962962962965 0.028506944444444394
4 0.865763888888889 0.39312500000000006 0.05494212962962948 0.028541666666666642
8 0.26880787037037035 0.83359375 0.06135416666666664 0.03961805555555564
7 0.23781828703703703 0.34225694444444443 0.05494212962962965 0.028541666666666642
14 0.7528819444444445 0.3159722222222222 0.05494212962962965 0.028541666666666642
9 0.2337037037037037 0.25097222222222226 0.0565509259259259 0.03170138888888889
3 0.8614236111111111 0.26435763888888886 0.05494212962962948 0.028541666666666642
5 0.7822569444444445 0.23097222222222222 0.05337962962962965 0.02850694444444448
13 0.9397511574074073 0.30166666666666664 0.05337962962962948 0.028506944444444394