6 0.743113425925926 0.5747395833333334 0.05846064814814813 0.014583333333333216
7 0.7316550925925925 0.3988194444444445 0.05538194444444446 0.016076388888888894
2 0.2988252314814815 0.3095659722222222 0.05685185185185189 0.012986111111111143
0 0.12484953703703705 0.6827951388888889 0.056944444444444464 0.016111111111111142
8 0.7736689814814814 0.97359375 0.061863425925925954 0.024027777777777714
5 0.16523726851851853 0.22774305555555557 0.06006944444444447 0.016180555555555552
0 0.02421875 0.54296875 0.0484375 0.0140625
14 0.2577372685185185 0.3984375 0.05689814814814813 0.014548611111111142
4 0.19680555555555554 0.5290277777777778 0.05689814814814813 0.014548611111111142
9 0.7197858796296297 0.23538194444444444 0.050555555555555645 0.011284722222222232
3 0.11203703703703702 0.3030729166666667 0.05234953703703704 0.019131944444444483
13 0.0580787037037037 0.3791666666666667 0.052164351851851844 0.012881944444444394
12 0.1252662037037037 0.3806597222222222 0.052164351851851885 0.012881944444444394