4 0.07270833333333333 0.4546875 0.05194444444444444 0.0171875
7 0.6034895833333334 0.3703125 0.05350694444444457 0.0171875
6 0.5924826388888889 0.5140625 0.051979166666666646 0.01875
14 0.17328125 0.35859375 0.051979166666666646 0.01875
12 0.06975694444444444 0.34140625 0.05197916666666667 0.01875
2 0.23633680555555556 0.2984375 0.05354166666666664 0.01875
9 0.6113194444444444 0.2640625 0.05194444444444457 0.0171875
13 0.02109375 0.3390625 0.0421875 0.01875
3 0.08725694444444446 0.2921875 0.05194444444444444 0.0171875
5 0.15465277777777778 0.24765625 0.05194444444444444 0.0171875
8 0.5587847222222223 0.97578125 0.05364583333333321 0.0234375