4 0.59296875 0.3703125 0.0171875 0.0171875
10 0.7359375 0.3484375 0.0171875 0.0171875
1 0.90703125 0.3984375 0.0171875 0.0171875
11 0.78828125 0.3328125 0.0171875 0.0171875
2 0.4328125 0.25 0.0171875 0.0171875
0 0.7171875 0.4625 0.0171875 0.0171875
3 0.5796875 0.22109375 0.0171875 0.0171875
14 0.4953125 0.296875 0.0171875 0.0171875
13 0.64609375 0.25703125 0.0171875 0.0171875
6 0.03984375 0.5453125 0.0171875 0.0171875
7 0.0140625 0.39296875 0.0171875 0.0171875
12 0.59921875 0.2671875 0.0171875 0.0171875
5 0.5109375 0.18671875 0.0171875 0.0171875
8 0.1125 0.99375 0.02734375 0.0125