11 0.17054398148148148 0.516875 0.05254629629629628 0.033194444444444395
12 0.36125578703703703 0.2784548611111111 0.050868055555555534 0.030034722222222233
14 0.5804398148148149 0.3040277777777778 0.05081018518518512 0.028472222222222232
10 0.29933449074074076 0.5171354166666667 0.05399305555555554 0.030104166666666644
5 0.33836805555555555 0.05336805555555556 0.053587962962962976 0.019166666666666665
2 0.5907986111111111 0.171875 0.04930555555555571 0.02999999999999998
3 0.29516782407407405 0.1659548611111111 0.047511574074074046 0.023715277777777776
4 0.5662905092592593 0.4963715277777778 0.04936342592592595 0.03156250000000007
13 0.2559606481481481 0.2761111111111111 0.04907407407407405 0.023749999999999983
1 0.09754050925925925 0.7175520833333333 0.05237268518518521 0.02850694444444457
0 0.5446180555555555 0.7232291666666667 0.05393518518518512 0.028541666666666642