6 0.7634606481481482 0.484855324074074 0.04894675925925931 0.02243055555555564
14 0.28291087962962963 0.3380150462962963 0.048993055555555554 0.023993055555555552
9 0.7458275462962962 0.2328125 0.04894675925925931 0.022430555555555554
12 0.1676273148148148 0.32657407407407407 0.048993055555555554 0.023993055555555552
0 0.07618055555555556 0.5654282407407407 0.04743055555555555 0.02394675925925931
7 0.7529976851851853 0.34285300925925927 0.04743055555555564 0.02394675925925931
4 0.19508680555555555 0.43523148148148144 0.04894675925925922 0.02243055555555564
5 0.2405150462962963 0.2266724537037037 0.04738425925925922 0.022384259259259222
10 0.02877314814814815 0.44328703703703703 0.04738425925925925 0.02238425925925931
2 0.3366666666666666 0.27855902777777775 0.047384259259259306 0.02238425925925931
3 0.1762326388888889 0.27392939814814815 0.048993055555555554 0.023993055555555552
13 0.11197337962962964 0.32196759259259256 0.047384259259259265 0.02238425925925931
8 0.7947395833333333 0.9335416666666667 0.055613425925925955 0.03667824074074062