10 0.75703125 0.42265625 0.0171875 0.0171875
4 0.64453125 0.4328125 0.0171875 0.0171875
0 0.73046875 0.5140625 0.0171875 0.0171875
6 0.215625 0.5234375 0.0171875 0.0171875
9 0.2171875 0.321875 0.0171875 0.0171875
12 0.6578125 0.35078125 0.0171875 0.0171875
7 0.21640625 0.40703125 0.0171875 0.0171875
2 0.53046875 0.3234375 0.0171875 0.0171875
13 0.69765625 0.3453125 0.0171875 0.0171875
5 0.60078125 0.2828125 0.0171875 0.0171875
3 0.6484375 0.3140625 0.0171875 0.0171875
14 0.57578125 0.36953125 0.0171875 0.0171875
1 0.88828125 0.47890625 0.0171875 0.0171875
8 0.21796875 0.8671875 0.0265625 0.02734375
11 0.8015625 0.41796875 0.02109375 0.01640625