4 0.7953125 0.44296875 0.0171875 0.0171875
0 0.903125 0.55625 0.0171875 0.0171875
10 0.93984375 0.4421875 0.0171875 0.0171875
7 0.2859375 0.3984375 0.0171875 0.0171875
6 0.2828125 0.52890625 0.0171875 0.0171875
2 0.65703125 0.3125 0.0171875 0.0171875
14 0.7125 0.36171875 0.0171875 0.0171875
9 0.2890625 0.2984375 0.0171875 0.0171875
5 0.74453125 0.26015625 0.0171875 0.0171875
13 0.8640625 0.34140625 0.0171875 0.0171875
3 0.803125 0.3 0.0171875 0.0171875
8 0.2703125 0.9328125 0.03515625 0.03359375