6 0.3095138888888889 0.6060995370370371 0.034756944444444396 0.01887731481481474
4 0.897795138888889 0.5401562500000001 0.03631944444444457 0.018888888888889
8 0.3641493055555555 0.9205150462962962 0.03961805555555564 0.02672453703703681
2 0.7323958333333334 0.4084837962962963 0.036354166666666646 0.02045138888888882
14 0.7976215277777777 0.46130208333333333 0.03631944444444457 0.018888888888889
5 0.8374479166666667 0.3553645833333333 0.03631944444444457 0.01888888888888891
7 0.2912326388888889 0.48645254629629625 0.034791666666666644 0.020439814814814737
13 0.98515625 0.440625 0.0296875 0.01875
12 0.9269444444444443 0.4458564814814815 0.036354166666666646 0.02045138888888882
3 0.9118055555555555 0.3973148148148148 0.036354166666666646 0.02045138888888882
9 0.2732291666666667 0.37930555555555556 0.034756944444444396 0.018877314814814826