10 0.15796875 0.2905671296296296 0.03922453703703708 0.017650462962962975
14 0.4083449074074075 0.12693287037037035 0.036076388888889 0.014432870370370398
0 0.411568287037037 0.4298958333333333 0.04239583333333332 0.023993055555555642
12 0.21615162037037033 0.1334085648148148 0.03606481481481474 0.012870370370370398
2 0.40342013888888884 0.05365740740740741 0.034513888888889 0.014386574074074066
7 0.98828125 0.0765625 0.0234375 0.0125
11 0.03840856481481482 0.2980150462962963 0.03606481481481481 0.01287037037037031
3 0.1642708333333333 0.07245949074074073 0.04859953703703708 0.01792824074074075
4 0.4105266203703703 0.25418402777777777 0.034525462962962904 0.015949074074074067
5 0.19671296296296298 0.016041666666666666 0.046967592592592575 0.008506944444444442
13 0.1262673611111111 0.14153935185185187 0.04862268518518516 0.02105324074074071