7 0.22053819444444445 0.42578125 0.04267361111111114 0.01627314814814813
6 0.24175347222222224 0.6065219907407406 0.04267361111111114 0.016273148148148307
0 0.8913020833333334 0.6021296296296297 0.04111111111111114 0.016226851851851798
5 0.7640625 0.15325810185185185 0.04111111111111114 0.016226851851851843
0 0.9667187500000001 0.44276041666666666 0.04267361111111114 0.01627314814814813
4 0.7935763888888889 0.4611805555555556 0.03951388888888872 0.014618055555555643
14 0.7064409722222222 0.33946180555555555 0.03947916666666664 0.013055555555555553
2 0.6498784722222222 0.25670717592592596 0.036354166666666646 0.012962962962962976
9 0.20347222222222222 0.2558622685185185 0.03315972222222223 0.009745370370370399
3 0.8342881944444445 0.21762731481481482 0.04121527777777771 0.0209143518518518
13 0.9022222222222223 0.28440972222222227 0.03322916666666664 0.01287037037037031
12 0.8352777777777778 0.297337962962963 0.03486111111111114 0.01604166666666664