6 0.7355960648148148 0.46796875 0.02047453703703699 0.021875
7 0.7450868055555555 0.346875 0.020462962962962905 0.0203125
14 0.19749421296296296 0.33828125 0.017326388888888912 0.01875
4 0.07266782407407409 0.4203125 0.017314814814814828 0.0171875
2 0.2705208333333333 0.28828125 0.017314814814814828 0.0171875
12 0.06634259259259259 0.325 0.018877314814814826 0.0171875
8 0.7021643518518518 0.86796875 0.023622685185185333 0.025
5 0.16692708333333334 0.24609375 0.01888888888888891 0.01875
9 0.7528414351851852 0.24921875 0.017314814814814738 0.0171875
3 0.08699074074074074 0.2796875 0.01888888888888889 0.01875
13 0.0019618055555555556 0.3234375 0.003923611111111111 0.01875