12 0.3710763888888889 0.31679398148148147 0.03763888888888882 0.025115740740740744
10 0.648431712962963 0.4258738425925926 0.0439699074074074 0.036099537037036986
14 0.16553819444444445 0.41135995370370376 0.036099537037037034 0.028229166666666573
2 0.023570601851851853 0.33453125 0.036099537037037034 0.02822916666666666
3 0.3275173611111111 0.23678819444444446 0.04862268518518516 0.03144675925925924
5 0.18730324074074073 0.1857523148148148 0.03603009259259256 0.01885416666666666
11 0.7527777777777778 0.38055555555555554 0.04232638888888882 0.025150462962962906
4 0.3749479166666666 0.5230613425925925 0.04236111111111107 0.029837962962962906
1 0.98671875 0.46015625 0.0265625 0.0328125
0 0.6275000000000001 0.6585185185185185 0.047083333333333324 0.03456018518518533
13 0.4598842592592593 0.28307870370370375 0.058067129629629476 0.040891203703703735