0 0.81640625 0.54609375 0.0171875 0.0171875
10 0.8828125 0.45 0.0171875 0.0171875
8 0.32109375 0.9703125 0.0171875 0.0171875
11 0.953125 0.446875 0.0171875 0.0171875
3 0.76640625 0.3234375 0.0171875 0.0171875
12 0.7671875 0.365625 0.0171875 0.0171875
5 0.7078125 0.2859375 0.0171875 0.0171875
13 0.8234375 0.35859375 0.0171875 0.0171875
2 0.6015625 0.33359375 0.0171875 0.0171875
14 0.64921875 0.38515625 0.0171875 0.0171875
7 0.18515625 0.4140625 0.01875 0.01875
9 0.19375 0.31640625 0.0171875 0.0171875
4 0.721875 0.4546875 0.0171875 0.0171875
6 0.1765625 0.5265625 0.02109375 0.0234375
8 0.14921875 0.81640625 0.03984375 0.0453125