0 0.811076388888889 0.5422280092592592 0.017465277777778 0.01925925925925931
1 0.9866898148148149 0.5060069444444444 0.01280092592592581 0.02068287037037031
10 0.8375925925925927 0.440625 0.019027777777777997 0.01930555555555564
2 0.5922453703703704 0.3301851851851852 0.019027777777777644 0.019305555555555555
11 0.8861342592592593 0.43502893518518526 0.019027777777777997 0.01930555555555564
6 0.2656944444444444 0.5307581018518519 0.019004629629629656 0.017743055555555644
7 0.2619386574074074 0.4149710648148148 0.017442129629629655 0.017696759259259308
13 0.7692881944444444 0.3557523148148148 0.017465277777777823 0.01925925925925931
9 0.2609375 0.32427662037037036 0.019004629629629656 0.017743055555555554
3 0.7166608796296297 0.32058449074074075 0.019004629629629656 0.017743055555555554
4 0.7148090277777778 0.4455844907407407 0.019004629629629656 0.017743055555555644
14 0.6392534722222222 0.3753472222222222 0.017442129629629655 0.017696759259259308
8 0.2744791666666667 0.8874247685185186 0.019004629629629656 0.017743055555555644
12 0.72703125 0.3591898148148148 0.01902777777777782 0.019305555555555555
5 0.6640104166666667 0.2869791666666667 0.017442129629629478 0.017696759259259308