7 0.6973263888888889 0.4019328703703704 0.053576388888888896 0.03140046296296291
8 0.6522222222222223 0.9742361111111112 0.05684027777777771 0.03767361111111143
2 0.2767534722222222 0.25267939814814816 0.05354166666666664 0.029837962962962993
6 0.6824131944444445 0.5747280092592593 0.053576388888888896 0.03140046296296291
0 0.03840277777777777 0.6029398148148148 0.053576388888888896 0.03140046296296291
5 0.15414930555555556 0.15044560185185185 0.055208333333333304 0.03453703703703703
9 0.7100520833333334 0.2361863425925926 0.05670138888888889 0.03142361111111107
14 0.22157986111111114 0.3366956018518518 0.05354166666666664 0.029837962962962906
3 0.08689236111111112 0.21814236111111113 0.05208333333333335 0.03451388888888891
12 0.08788194444444444 0.29783564814814817 0.052152777777777784 0.03763888888888891
4 0.13835069444444445 0.45920717592592586 0.053576388888888896 0.03140046296296291