6 0.4296875 0.534375 0.0171875 0.0171875
4 0.89296875 0.5046875 0.0171875 0.0171875
14 0.8109375 0.44375 0.0171875 0.0171875
8 0.4109375 0.83515625 0.01875 0.02109375
2 0.7609375 0.4078125 0.0171875 0.0171875
7 0.4359375 0.4484375 0.0171875 0.0171875
5 0.0359375 0.39921875 0.0171875 0.0171875
13 0.94609375 0.43671875 0.0171875 0.0171875
12 0.903125 0.4375 0.0171875 0.0171875
9 0.440625 0.3875 0.0171875 0.0171875
3 0.88984375 0.4078125 0.0171875 0.0171875
5 0.8328125 0.3796875 0.01640625 0.0171875