8 0.26327546296296295 0.9244039351851854 0.033506944444444464 0.02518518518518533
7 0.22530092592592593 0.3281597222222222 0.027118055555555555 0.02045138888888882
6 0.23885416666666667 0.5219675925925926 0.030335648148148132 0.02359953703703699
2 0.7017650462962963 0.1965625 0.02711805555555564 0.020451388888888866
13 0.9768692129629629 0.254837962962963 0.02711805555555564 0.02045138888888882
5 0.8462037037037037 0.0890625 0.02711805555555564 0.020451388888888887
0 0.9141435185185184 0.5894560185185185 0.027210648148147953 0.023576388888889
4 0.8290682870370372 0.43339120370370365 0.02872685185185162 0.022025462962962906
12 0.9005844907407408 0.26364583333333336 0.025509259259259308 0.01887731481481474
9 0.21030092592592595 0.1382465277777778 0.02707175925925931 0.01888888888888891
14 0.7546585648148149 0.2945891203703704 0.02711805555555564 0.02045138888888891
3 0.9127430555555556 0.17313078703703705 0.030381944444444288 0.02516203703703703