7 0.7952141203703704 0.3401273148148148 0.027210648148147953 0.022037037037036987
6 0.7845138888888888 0.516730324074074 0.025601851851851976 0.020462962962962905
2 0.3820486111111111 0.23383680555555558 0.023993055555555552 0.018888888888888823
5 0.2672685185185185 0.15345486111111112 0.027164351851851797 0.020474537037037034
14 0.3365335648148148 0.3200925925925926 0.022430555555555554 0.018877314814814826
0 0.18438657407407408 0.5781944444444445 0.025601851851851886 0.020462962962962905
9 0.8031076388888888 0.17916666666666667 0.027210648148147953 0.022037037037037032
2 0.21686921296296297 0.2991087962962963 0.02394675925925931 0.017326388888888912
8 0.7730555555555556 0.9034490740740739 0.032222222222222284 0.03300925925925924
4 0.26421875 0.4409143518518519 0.019444444444444466 0.023541666666666572
10 0.10718750000000002 0.4420775462962963 0.02739583333333333 0.02828703703703699
3 0.2097395833333333 0.22339699074074076 0.022430555555555554 0.018877314814814826
13 0.1538425925925926 0.29098379629629634 0.020821759259259266 0.017303240740740744
11 0.03473958333333334 0.43558449074074074 0.017743055555555554 0.018842592592592668