11 0.7655092592592593 0.4411226851851852 0.02684027777777782 0.020590277777777645
10 0.7161284722222222 0.45133101851851853 0.025277777777777642 0.020567129629629654
0 0.6829166666666666 0.5305439814814814 0.02684027777777782 0.020590277777777645
4 0.5878414351851852 0.4603703703703704 0.025277777777777823 0.020567129629629654
6 0.09810185185185186 0.5515740740740741 0.026840277777777775 0.020590277777777822
2 0.46251736111111114 0.3749016203703704 0.025254629629629655 0.019004629629629656
14 0.5120428240740741 0.4076736111111111 0.025277777777777823 0.020567129629629654
1 0.8608969907407407 0.49020254629629634 0.025254629629629478 0.019004629629629656
9 0.10151041666666667 0.3742418981481482 0.02525462962962961 0.019004629629629656
12 0.6068518518518518 0.3903240740740741 0.026840277777777644 0.020590277777777822
13 0.6499131944444445 0.38471064814814815 0.025277777777777823 0.020567129629629654
5 0.541244212962963 0.33543402777777775 0.025254629629629478 0.019004629629629656
3 0.5971469907407407 0.3597048611111111 0.025254629629629478 0.019004629629629656
7 0.09957175925925926 0.4523553240740741 0.02681712962962963 0.01902777777777782
8 0.09597800925925927 0.8531712962962963 0.028495370370370376 0.02686342592592581