7 0.15234375 0.371875 0.0203125 0.02109375
6 0.16328125 0.55859375 0.02265625 0.02265625
10 0.9109375 0.44765625 0.0203125 0.0203125
2 0.6140625 0.2296875 0.0171875 0.01875
5 0.7515625 0.12421875 0.01875 0.01875
0 0.80859375 0.5984375 0.02109375 0.0203125
4 0.7296875 0.4515625 0.0203125 0.0203125
9 0.14375 0.190625 0.0125 0.0234375
8 0.17890625 0.9453125 0.02265625 0.0328125
12 0.80078125 0.2890625 0.01640625 0.02890625
3 0.8109375 0.20390625 0.01640625 0.02109375
13 0.86875 0.278125 0.0140625 0.02109375