6 0.77515625 0.511880787037037 0.04752314814814831 0.025162037037037167
0 0.12150462962962963 0.515630787037037 0.044305555555555556 0.022013888888888822
4 0.2385821759259259 0.4337037037037037 0.04269675925925931 0.020439814814814737
7 0.7658506944444443 0.40870949074074076 0.042743055555555645 0.02200231481481474
14 0.32119791666666664 0.37495370370370373 0.04425925925925931 0.02045138888888891
11 0.02109375 0.4203125 0.0421875 0.021875
13 0.16285300925925925 0.3558159722222222 0.044305555555555556 0.02201388888888891
2 0.37635995370370373 0.33865162037037033 0.04269675925925931 0.020439814814814827
12 0.2161168981481482 0.3608969907407407 0.04425925925925931 0.02045138888888882
8 0.8020659722222222 0.8401331018518519 0.045960648148148306 0.025150462962962906
10 0.08460648148148149 0.43021990740740745 0.044305555555555556 0.022013888888889
3 0.22442708333333333 0.3250289351851852 0.042743055555555555 0.02200231481481474
5 0.28685185185185186 0.29659143518518516 0.042743055555555555 0.02200231481481483
9 0.7580439814814814 0.32976273148148144 0.04425925925925931 0.02045138888888882