14 0.7390625 0.3249826388888889 0.0359375 0.019201388888888893
6 0.2078125 0.5117881944444445 0.034375 0.019166666666666644
7 0.20859375 0.3898958333333334 0.034375 0.020729166666666642
5 0.77578125 0.23119791666666667 0.034375 0.019166666666666644
12 0.86953125 0.3017708333333333 0.0359375 0.020763888888888894
3 0.85390625 0.2614930555555556 0.034375 0.019166666666666644
8 0.203125 0.907986111111111 0.0390625 0.02864583333333357
4 0.8484375 0.39286458333333335 0.034375 0.020729166666666642
2 0.671875 0.28350694444444446 0.034375 0.020729166666666642
13 0.93359375 0.2933159722222222 0.034375 0.019166666666666644
9 0.21015625 0.29845486111111114 0.034375 0.019166666666666644