6 0.83046875 0.540625 0.0359375 0.0484375
7 0.834375 0.4 0.03515625 0.0359375
0 0.24765625 0.5203125 0.0265625 0.03125
14 0.434375 0.34609375 0.02265625 0.0171875
4 0.35234375 0.41796875 0.02265625 0.025
2 0.48515625 0.29609375 0.02265625 0.0234375
3 0.35703125 0.27890625 0.02265625 0.0234375
12 0.34609375 0.321875 0.0234375 0.0234375
10 0.22578125 0.40859375 0.025 0.0296875
9 0.834375 0.29921875 0.0296875 0.03125
13 0.30234375 0.3171875 0.0203125 0.02265625
11 0.18046875 0.39921875 0.025 0.0234375
5 0.4125 0.24609375 0.0265625 0.02265625
1 0.08046875 0.4703125 0.0265625 0.0265625
8 0.81875 0.9875 0.04140625 0.025