0 0.04452546296296296 0.4240682870370371 0.04702546296296296 0.028726851851851976
6 0.6794444444444444 0.47491898148148143 0.045462962962962906 0.028680555555555643
13 0.1284664351851852 0.2741782407407407 0.04702546296296299 0.0287268518518518
4 0.17865162037037036 0.3561516203703704 0.04702546296296295 0.0287268518518518
2 0.3370891203703704 0.2764525462962963 0.04702546296296291 0.028726851851851885
14 0.2759027777777778 0.3082407407407407 0.045462962962962906 0.028680555555555553
7 0.6996874999999999 0.37940393518518517 0.047013888888889 0.027164351851851887
8 0.61625 0.777800925925926 0.04707175925925924 0.0349768518518518
12 0.1776273148148148 0.2834490740740741 0.04545138888888891 0.027118055555555555
10 0.031082175925925926 0.3400578703703704 0.047025462962962956 0.0287268518518518
9 0.7142650462962964 0.31028935185185186 0.045451388888889 0.027118055555555555
3 0.1966087962962963 0.2527546296296296 0.04702546296296295 0.0287268518518518
5 0.2616087962962963 0.23358217592592592 0.04545138888888891 0.027118055555555555