6 0.19478587962962962 0.4959085648148148 0.03142361111111112 0.022199074074073975
4 0.8766840277777778 0.4185011574074074 0.037685185185185335 0.02385416666666664
14 0.7507060185185186 0.3377199074074074 0.034537037037037165 0.0206828703703704
7 0.18090277777777777 0.36600115740740746 0.02986111111111107 0.022175925925925988
2 0.669050925925926 0.2857233796296296 0.028263888888888998 0.017465277777777823
12 0.8820949074074076 0.3209143518518519 0.028263888888888998 0.017465277777777823
3 0.8605439814814815 0.27684027777777775 0.03453703703703681 0.0206828703703704
8 0.23936921296296293 0.9114583333333334 0.04085648148148149 0.030150462962962976
13 0.9516608796296296 0.3172569444444444 0.034537037037037165 0.02068287037037031
9 0.17071180555555557 0.2650578703703704 0.029849537037037032 0.0206134259259259
5 0.7772048611111112 0.2412268518518519 0.028263888888888998 0.017465277777777823