0 0.984375 0.64140625 0.03125 0.0421875
4 0.8112731481481482 0.5202546296296295 0.036307870370370664 0.025636574074074048
2 0.6011226851851852 0.3701388888888889 0.03152777777777782 0.019212962962962977
7 0.07461226851851852 0.5514467592592592 0.05076388888888887 0.05271990740740744
14 0.684056712962963 0.42803819444444446 0.03474537037037031 0.02557870370370381
6 0.08831597222222223 0.7377604166666667 0.04920138888888888 0.05266203703703702
12 0.8311921296296297 0.38741319444444444 0.044074074074074335 0.022800925925925954
5 0.71484375 0.2901041666666667 0.04402777777777782 0.01967592592592595
3 0.8061053240740741 0.32971643518518523 0.050393518518518476 0.02771990740740744
13 0.8989525462962963 0.3708333333333333 0.03938657407407398 0.02262731481481488
9 0.06398148148148149 0.4142650462962963 0.053472222222222233 0.024710648148148096