2 0.4108449074074074 0.344212962962963 0.051712962962962905 0.016319444444444463
7 0.7269039351851851 0.402806712962963 0.05326388888888882 0.014814814814814881
10 0.1734837962962963 0.4221643518518519 0.053275462962963 0.01637731481481488
0 0.19096064814814814 0.4892361111111111 0.05170138888888891 0.014756944444444286
12 0.28097222222222223 0.36440972222222223 0.05170138888888891 0.014756944444444465
8 0.7016550925925926 0.7519675925925926 0.0595949074074074 0.025983796296296192
6 0.7208217592592593 0.4854166666666667 0.051712962962962905 0.016319444444444463
11 0.13056134259259258 0.4143229166666666 0.053275462962963 0.01637731481481488
4 0.28990162037037037 0.4249131944444445 0.051712962962962995 0.016319444444444463
5 0.34541087962962963 0.3160011574074074 0.053275462962962906 0.01637731481481488
14 0.3637210648148148 0.37607060185185187 0.05326388888888891 0.014814814814814791
13 0.23644675925925926 0.3619791666666667 0.05326388888888891 0.014814814814814881
1 0.03564236111111111 0.46316550925925926 0.051712962962962974 0.016319444444444463
3 0.28820601851851857 0.3373263888888889 0.053275462962962906 0.016377314814814792
9 0.7312673611111111 0.3412326388888889 0.051712962962962905 0.016319444444444463