6 0.70625 0.58671875 0.0171875 0.0171875
4 0.1421875 0.5203125 0.0171875 0.0171875
8 0.6609375 0.8875 0.0203125 0.0234375
2 0.29765625 0.3953125 0.0171875 0.0171875
14 0.2359375 0.4453125 0.0171875 0.0171875
0 0.0171875 0.61875 0.0171875 0.0171875
5 0.1953125 0.34296875 0.0171875 0.0171875
7 0.72109375 0.47265625 0.0171875 0.0171875
13 0.05234375 0.4234375 0.0171875 0.0171875
12 0.11171875 0.4296875 0.0171875 0.0171875
3 0.125 0.3828125 0.0171875 0.0171875
9 0.7359375 0.3703125 0.0171875 0.0171875