6 0.3471875 0.52125 0.033194444444444395 0.01600694444444457
14 0.7069791666666667 0.3697916666666667 0.03319444444444457 0.016006944444444393
10 0.9095486111111111 0.43447916666666664 0.03475694444444457 0.01604166666666664
4 0.7859375 0.43954861111111115 0.033194444444444485 0.01600694444444457
12 0.7941145833333334 0.35296874999999994 0.03319444444444457 0.016006944444444393
0 0.8886284722222222 0.53171875 0.03319444444444457 0.016006944444444393
11 0.9597395833333333 0.42699652777777775 0.034791666666666644 0.017604166666666643
7 0.33484375 0.40842013888888895 0.03322916666666664 0.017569444444444395
5 0.7238194444444443 0.2802777777777778 0.034791666666666644 0.017604166666666643
2 0.6548090277777778 0.3256423611111111 0.033194444444444395 0.016006944444444393
13 0.8356076388888889 0.34998263888888886 0.03475694444444457 0.01604166666666664
9 0.324375 0.3167361111111111 0.033194444444444395 0.016006944444444393
3 0.7793576388888889 0.3135590277777778 0.03322916666666664 0.01756944444444448
8 0.3864409722222222 0.8652604166666666 0.04600694444444446 0.030347222222222213