7 0.602662037037037 0.38875000000000004 0.04586805555555564 0.02711805555555551
6 0.6112384259259259 0.5198611111111111 0.04439814814814813 0.03019675925925931
2 0.21774305555555556 0.3289988425925926 0.04586805555555555 0.027118055555555555
3 0.05747106481481481 0.32983796296296297 0.044305555555555556 0.02707175925925931
12 0.04799189814814815 0.37938078703703704 0.04582175925925926 0.025555555555555644
8 0.6371064814814815 0.9178819444444445 0.05234953703703695 0.03511574074074062
4 0.0753587962962963 0.4849131944444444 0.05221064814814813 0.03042824074074062
5 0.12177662037037038 0.28336226851851853 0.04586805555555555 0.027118055555555555
9 0.5942997685185185 0.29125578703703703 0.04425925925925931 0.025509259259259308
2 0.98125 0.35 0.0375 0.021875
14 0.16322916666666668 0.38925925925925925 0.05221064814814813 0.030428240740740797