4 0.08135416666666667 0.5765625 0.05846064814814815 0.0203125
6 0.5432986111111111 0.5953125 0.05524305555555564 0.0171875
8 0.5259317129629629 0.89140625 0.059976851851851976 0.01875
5 0.12123842592592593 0.390625 0.05841435185185184 0.01875
2 0.21286458333333336 0.4359375 0.0584143518518518 0.01875
12 0.05210069444444445 0.4828125 0.06002314814814813 0.0203125
9 0.5579803240740742 0.38984375 0.058414351851851974 0.01875
7 0.5512731481481481 0.484375 0.059976851851851976 0.01875
2 0.9222858796296297 0.434375 0.06002314814814795 0.0203125
3 0.05971643518518519 0.43671875 0.05841435185185184 0.01875
14 0.16278356481481482 0.49140625 0.05846064814814813 0.0203125
13 0.0125 0.48125 0.025 0.01875
14 0.971875 0.49296875 0.05625 0.0203125