4 0.7815625 0.5142361111111111 0.043900462962962905 0.02106481481481488
7 0.2805497685185185 0.4214409722222222 0.04232638888888882 0.019444444444444466
11 0.9828125 0.5171875 0.034375 0.01875
0 0.8830671296296296 0.6313078703703704 0.043900462962962905 0.02106481481481488
6 0.2686516203703704 0.5507233796296296 0.04388888888888891 0.019502314814814882
10 0.9268518518518519 0.5227430555555556 0.042337962962962904 0.021006944444444463
2 0.6552604166666667 0.36889467592592595 0.042326388888889 0.019444444444444466
13 0.8565451388888888 0.4138599537037037 0.042326388888889 0.019444444444444466
12 0.8065277777777776 0.4143518518518519 0.043888888888889 0.019502314814814882
14 0.7040740740740741 0.42540509259259257 0.043888888888889 0.019502314814814882
5 0.7438773148148148 0.32685185185185184 0.042326388888889 0.019444444444444466
8 0.2344212962962963 0.9519097222222221 0.04863425925925924 0.02748842592592595
3 0.7982581018518518 0.3702835648148148 0.043900462962962905 0.02106481481481488
9 0.28987847222222224 0.32254050925925926 0.043888888888888825 0.019502314814814792