10 0.879548611111111 0.3517708333333333 0.027013888888888716 0.02045138888888882
11 0.9519444444444444 0.34059027777777773 0.028541666666666642 0.018900462962962904
0 0.8513541666666665 0.45388888888888895 0.027013888888888716 0.020451388888888998
4 0.7065451388888888 0.37001736111111116 0.026979166666666644 0.018888888888888823
6 0.07309027777777778 0.512175925925926 0.027013888888888893 0.02045138888888882
2 0.5308680555555556 0.26795138888888886 0.026979166666666644 0.018888888888888823
14 0.5981597222222221 0.3082870370370371 0.028576388888888714 0.020462962962962905
9 0.06269097222222222 0.29026041666666663 0.028576388888888894 0.020462962962962905
5 0.6296701388888889 0.21478587962962964 0.026979166666666644 0.01888888888888891
13 0.7777777777777778 0.27134259259259264 0.028541666666666642 0.018900462962962904
8 0.09010416666666667 0.9262962962962963 0.035069444444444445 0.03144675925925924
3 0.702951388888889 0.2434490740740741 0.028541666666666642 0.018900462962962904
7 0.06796875 0.3871585648148148 0.027013888888888893 0.02045138888888891
12 0.7217708333333334 0.28186342592592595 0.027013888888888893 0.02045138888888891