6 0.52890625 0.42890625 0.02734375 0.0359375
14 0.14765625 0.3109375 0.02109375 0.02109375
14 0.93515625 0.33984375 0.025 0.0265625
7 0.5359375 0.3140625 0.02890625 0.03125
2 0.203125 0.259375 0.02265625 0.025
2 0.88671875 0.28359375 0.025 0.0234375
3 0.06484375 0.25234375 0.0203125 0.0203125
5 0.9734375 0.24296875 0.0296875 0.025
12 0.0484375 0.30078125 0.025 0.025
4 0.06328125 0.39453125 0.02265625 0.025
9 0.53984375 0.22265625 0.0265625 0.0265625
5 0.1296875 0.2125 0.025 0.02265625
8 0.50390625 0.7765625 0.04140625 0.04375