7 0.6609722222222223 0.3801967592592593 0.025416666666666643 0.01888888888888891
8 0.6403125 0.9583796296296295 0.028715277777777715 0.02672453703703681
2 0.23307291666666669 0.26776041666666667 0.023819444444444393 0.017314814814814828
6 0.6539583333333333 0.5552199074074075 0.025416666666666643 0.018888888888889
0 0.0109375 0.6390625 0.021875 0.01875
5 0.1054513888888889 0.17575231481481482 0.027013888888888893 0.02046296296296295
9 0.66703125 0.21299189814814817 0.028541666666666642 0.018912037037036988
14 0.1811111111111111 0.35641203703703705 0.025381944444444436 0.017326388888888912
3 0.04055555555555555 0.24887731481481482 0.02395833333333333 0.023564814814814827
12 0.045781249999999996 0.3300752314814815 0.02559027777777778 0.02670138888888891
4 0.10399305555555556 0.4874305555555555 0.02385416666666664 0.01887731481481474