7 0.690625 0.35234375 0.0171875 0.0171875
4 0.140625 0.4546875 0.0171875 0.0171875
12 0.11640625 0.3453125 0.0171875 0.0171875
6 0.6984375 0.4921875 0.0171875 0.0171875
14 0.23046875 0.35625 0.0171875 0.0171875
0 0.0171875 0.58828125 0.0171875 0.0171875
3 0.12734375 0.2953125 0.0171875 0.0171875
5 0.1921875 0.24765625 0.0171875 0.0171875
2 0.2859375 0.29765625 0.0171875 0.0171875
13 0.0609375 0.34609375 0.0171875 0.0171875
9 0.684375 0.2484375 0.0171875 0.0171875
8 0.7171875 0.9171875 0.03359375 0.0421875