0 0.6108506944444445 0.512800925925926 0.036354166666666646 0.01613425925925931
11 0.6910243055555556 0.4182986111111111 0.036354166666666646 0.01613425925925931
6 0.026284722222222223 0.5738425925925925 0.03791666666666667 0.016180555555555642
13 0.5781076388888888 0.3701157407407408 0.036354166666666646 0.01613425925925931
7 0.029322916666666664 0.4722569444444444 0.03635416666666667 0.01613425925925931
3 0.52390625 0.34986111111111107 0.036354166666666646 0.01613425925925931
4 0.5178125 0.44841435185185186 0.03791666666666664 0.016180555555555642
2 0.39381944444444444 0.3716724537037037 0.03631944444444448 0.014571759259259309
14 0.4415451388888889 0.4022685185185185 0.036354166666666646 0.01613425925925931
5 0.4736458333333333 0.3279282407407408 0.03791666666666664 0.016180555555555642
1 0.7837326388888888 0.46239583333333334 0.036354166666666556 0.01613425925925931
9 0.03107638888888889 0.3933506944444444 0.036319444444444446 0.01457175925925922
10 0.6430902777777778 0.4322106481481482 0.03791666666666664 0.016180555555555642
12 0.5365104166666667 0.3799363425925926 0.03788194444444439 0.014618055555555554
8 0.0234375 0.87890625 0.046875 0.0296875