6 0.7644039351851852 0.5190625000000001 0.055335648148148134 0.03185185185185198
0 0.0171875 0.5796875 0.034375 0.028125
4 0.14994212962962963 0.4717013888888889 0.05207175925925926 0.02707175925925931
7 0.7742881944444444 0.39622106481481484 0.055335648148148134 0.0318518518518518
14 0.2545543981481481 0.3921064814814815 0.05368055555555555 0.028680555555555553
12 0.1323611111111111 0.3801157407407407 0.052118055555555556 0.02863425925925931
9 0.7801909722222222 0.30237847222222225 0.05533564814814831 0.0318518518518518
13 0.0722974537037037 0.3787731481481481 0.052118055555555556 0.02863425925925931
5 0.22212962962962962 0.3009606481481481 0.052118055555555556 0.02863425925925931
3 0.14682291666666666 0.3398784722222222 0.05368055555555555 0.028680555555555553
2 0.3247395833333333 0.34163194444444445 0.05363425925925931 0.027118055555555555
8 0.735625 0.8844386574074073 0.06512731481481478 0.04619212962962962
9 0.7817071759259259 0.3038946759259259 0.05037037037037022 0.022337962962962976