10 0.5916319444444444 0.5919791666666667 0.05090277777777778 0.036122685185185154
11 0.7636458333333334 0.5870023148148148 0.05395833333333329 0.0330208333333335
14 0.2406944444444444 0.4206018518518519 0.04437499999999996 0.023576388888889
2 0.24145833333333333 0.31590277777777775 0.04124999999999997 0.023553240740740743
3 0.6291840277777778 0.3086168981481482 0.03788194444444457 0.012592592592592666
5 0.5872395833333333 0.22704282407407406 0.040868055555555574 0.006365740740740744
13 0.6686805555555555 0.3948611111111111 0.04586805555555564 0.020462962962962905
12 0.5326041666666667 0.40010416666666665 0.04277777777777771 0.02200231481481474
4 0.23947916666666663 0.5807754629629629 0.05093750000000004 0.037685185185185155
0 0.23907986111111112 0.7745543981481482 0.057256944444444444 0.04085648148148149
1 0.8418923611111111 0.7579224537037037 0.04920138888888879 0.02986111111111107