6 0.525 0.42890625 0.03125 0.0359375
14 0.9125 0.35 0.025 0.0234375
7 0.53125 0.32109375 0.0296875 0.03125
2 0.21484375 0.26796875 0.02265625 0.02265625
14 0.16484375 0.3171875 0.02109375 0.0234375
4 0.08203125 0.3953125 0.025 0.0265625
12 0.07109375 0.30625 0.02265625 0.02109375
13 0.025 0.30390625 0.02109375 0.02109375
5 0.9484375 0.2546875 0.0265625 0.02265625
3 0.08515625 0.26328125 0.02265625 0.02265625
5 0.14453125 0.2234375 0.025 0.0203125
8 0.503125 0.7671875 0.0296875 0.0265625
2 0.865625 0.2921875 0.025 0.02109375
4 0.990625 0.44140625 0.0171875 0.0296875
9 0.5375 0.23671875 0.0265625 0.02265625