7 0.14162037037037037 0.38868634259259255 0.059560185185185154 0.025740740740740797
8 0.20206597222222222 0.9805150462962964 0.05957175925925924 0.02730324074074062
6 0.16137152777777777 0.5693113425925926 0.05798611111111107 0.024131944444444463
10 0.8728356481481482 0.37170717592592595 0.05642361111111107 0.02408564814814813
9 0.12256944444444444 0.21897569444444445 0.05483796296296295 0.020914351851851885
4 0.7047222222222222 0.39621527777777776 0.05642361111111107 0.02408564814814813
0 0.7982638888888889 0.5270081018518519 0.05641203703703699 0.022523148148148132
5 0.6827488425925926 0.09380787037037037 0.05641203703703716 0.022523148148148132
2 0.5694675925925926 0.20260995370370374 0.05168981481481474 0.017696759259259308
4 0.947980324074074 0.3499537037037037 0.057986111111111426 0.024131944444444463
14 0.6251273148148149 0.28063078703703703 0.05483796296296291 0.020914351851851885
3 0.7494444444444445 0.15822337962962965 0.054872685185185156 0.025601851851851886
13 0.8107002314814814 0.21889467592592596 0.05016203703703681 0.022337962962962976
12 0.7488715277777778 0.2355671296296296 0.05019675925925924 0.027025462962962977