14 0.1385474537037037 0.510457175925926 0.050277777777777824 0.014189814814814738
2 0.984375 0.46015625 0.03125 0.0140625
6 0.6035416666666666 0.609224537037037 0.051840277777777645 0.014201388888889
8 0.633900462962963 0.8805729166666666 0.051840277777777645 0.014201388888889
5 0.07355324074074074 0.4146527777777777 0.05181712962962963 0.012638888888889
4 0.06079282407407407 0.5903587962962963 0.05025462962962961 0.012627314814814739
7 0.5902372685185184 0.5052083333333334 0.050254629629629476 0.012627314814814739
3 0.01796875 0.45703125 0.0359375 0.0140625
9 0.5813773148148148 0.4176331018518519 0.05181712962962966 0.012638888888888821
12 0.01640625 0.5015625 0.0328125 0.0125
2 0.18854166666666666 0.45847800925925924 0.053449074074074066 0.017337962962962906