10 0.9412384259259259 0.4585243055555555 0.047013888888889 0.019027777777777644
0 0.8974942129629628 0.5625752314814815 0.047013888888889 0.019027777777777644
11 0.9890625 0.45703125 0.021875 0.0171875
7 0.3162673611111111 0.3398784722222222 0.0485879629629629 0.020613425925925986
12 0.828767361111111 0.3474710648148148 0.0485879629629629 0.020613425925925986
4 0.8030497685185185 0.44397569444444446 0.04702546296296291 0.020590277777777822
9 0.3279282407407408 0.24238425925925924 0.04702546296296291 0.020590277777777822
2 0.6830324074074074 0.296869212962963 0.04701388888888882 0.01902777777777782
13 0.8764120370370371 0.3497395833333333 0.04702546296296291 0.020590277777777822
6 0.30519097222222225 0.46394675925925927 0.04857638888888891 0.01905092592592599
8 0.2656134259259259 0.8493402777777778 0.054872685185185156 0.025393518518518475
14 0.7294675925925926 0.35693865740740743 0.04701388888888882 0.01902777777777782
3 0.8236168981481482 0.3044212962962963 0.04702546296296291 0.020590277777777822
5 0.7684664351851852 0.26063078703703707 0.04702546296296291 0.020590277777777822