0 0.6538136574074074 0.5453472222222222 0.03332175925925931 0.01756944444444457
11 0.725775462962963 0.4648611111111111 0.034930555555555645 0.019166666666666644
14 0.5054456018518518 0.4341666666666667 0.03332175925925931 0.017569444444444395
10 0.6824826388888889 0.47484374999999995 0.033368055555555644 0.01913194444444457
2 0.4625289351851851 0.4050694444444445 0.03332175925925931 0.017569444444444395
6 0.1444097222222222 0.5613888888888889 0.034930555555555555 0.019166666666666644
3 0.5801099537037038 0.39439236111111114 0.033368055555555644 0.019131944444444483
7 0.14622106481481484 0.47387152777777775 0.033368055555555554 0.019131944444444392
5 0.5307349537037037 0.3721875 0.03332175925925931 0.017569444444444395
4 0.5712442129629629 0.48253472222222216 0.03332175925925931 0.01756944444444457
12 0.5863773148148148 0.42032986111111115 0.03488425925925931 0.017604166666666643
13 0.6271412037037037 0.4165451388888889 0.03488425925925931 0.017604166666666643
1 0.8065335648148148 0.5096527777777778 0.03332175925925931 0.01756944444444457
9 0.14899305555555556 0.4067013888888889 0.034930555555555555 0.019166666666666644
8 0.14063078703703705 0.8208506944444445 0.033368055555555554 0.01913194444444457