7 0.6718923611111111 0.3326678240740741 0.03673611111111121 0.03828703703703704
6 0.6686458333333334 0.43282986111111105 0.043055555555555534 0.041597222222222285
0 0.021822916666666668 0.524699074074074 0.03034722222222222 0.03185185185185198
14 0.22986111111111113 0.35280092592592593 0.030173611111111144 0.024039351851851798
2 0.2890451388888889 0.30726851851851855 0.030208333333333393 0.0256018518518518
4 0.13925347222222223 0.4266261574074074 0.0349652777777778 0.02886574074074062
12 0.11875 0.34827546296296297 0.03340277777777776 0.028819444444444463
9 0.674045138888889 0.2536458333333333 0.034930555555555645 0.027303240740740798
3 0.1365972222222222 0.3070949074074074 0.031736111111111145 0.02408564814814813
5 0.19835069444444445 0.27164930555555555 0.0364236111111111 0.02422453703703704
13 0.06484375 0.34987268518518516 0.028541666666666667 0.020868055555555553