10 0.914074074074074 0.4024826388888889 0.03780092592592581 0.020763888888888894
4 0.7463368055555556 0.4218402777777778 0.03621527777777782 0.019166666666666644
6 0.1442361111111111 0.5571354166666667 0.036261574074074064 0.022291666666666644
0 0.8781018518518519 0.5064409722222222 0.03780092592592581 0.020763888888888894
11 0.98515625 0.3859375 0.0296875 0.01875
12 0.7621701388888888 0.33005208333333336 0.03621527777777782 0.019166666666666644
14 0.6445833333333333 0.3584548611111111 0.037777777777777646 0.019201388888888893
2 0.5806770833333333 0.3176736111111111 0.03780092592592599 0.020763888888888894
13 0.8229571759259258 0.31854166666666667 0.036215277777778 0.019166666666666644
9 0.13324074074074074 0.3424652777777778 0.03621527777777778 0.019166666666666644
3 0.7475173611111112 0.29052083333333334 0.03623842592592581 0.020729166666666642
5 0.6752256944444445 0.2639930555555555 0.03777777777777782 0.019201388888888893
7 0.1385590277777778 0.4376909722222222 0.03777777777777778 0.019201388888888893
8 0.16685185185185186 0.9231597222222223 0.05687500000000001 0.043055555555555715