10 0.06015625 0.49765625 0.0171875 0.0171875
14 0.3203125 0.42890625 0.0171875 0.0171875
4 0.2265625 0.5015625 0.0171875 0.0171875
6 0.7890625 0.58359375 0.0171875 0.0171875
12 0.2015625 0.4109375 0.0171875 0.0171875
2 0.38125 0.38046875 0.0171875 0.0171875
5 0.28046875 0.32734375 0.0171875 0.0171875
8 0.7421875 0.884375 0.0234375 0.0265625
9 0.82265625 0.3625 0.0171875 0.0171875
13 0.1421875 0.40625 0.0171875 0.0171875
0 0.10546875 0.59609375 0.025 0.02734375
7 0.80703125 0.465625 0.025 0.02109375
3 0.2109375 0.36953125 0.02265625 0.0171875