7 0.44756944444444446 0.33136574074074077 0.05666666666666664 0.013194444444444463
6 0.4378993055555556 0.45917245370370374 0.05666666666666664 0.013194444444444463
14 0.8794965277777778 0.34586226851851853 0.058229166666666644 0.013252314814814791
2 0.06088541666666667 0.276880787037037 0.058229166666666665 0.01325231481481488
12 0.98203125 0.3375 0.0359375 0.015625
3 0.97734375 0.2875 0.0453125 0.0125
8 0.4066840277777778 0.848929398148148 0.06614583333333339 0.01822916666666643
4 0.9652777777777779 0.44120370370370365 0.05826388888888871 0.014814814814814881
9 0.45557291666666666 0.2341145833333333 0.05666666666666664 0.013194444444444463
5 0.9217361111111112 0.24108796296296298 0.058229166666666644 0.01325231481481488
2 0.8249826388888888 0.28532986111111114 0.05826388888888871 0.014814814814814791