10 0.871875 0.4515625 0.0171875 0.0171875
14 0.66484375 0.3859375 0.0171875 0.0171875
7 0.2734375 0.4375 0.0171875 0.0171875
0 0.86171875 0.5578125 0.0171875 0.0171875
6 0.2890625 0.57109375 0.0171875 0.0171875
11 0.921875 0.43984375 0.0171875 0.0171875
4 0.75390625 0.4609375 0.0234375 0.0265625
3 0.73359375 0.321875 0.0171875 0.0171875
13 0.78984375 0.35703125 0.0171875 0.0171875
2 0.609375 0.3390625 0.0171875 0.0171875
9 0.26484375 0.3421875 0.0171875 0.0171875
5 0.67578125 0.2890625 0.0171875 0.0171875
12 0.7515625 0.3640625 0.0171875 0.0171875
8 0.3421875 0.9921875 0.0265625 0.01484375