2 0.7580150462962962 0.44711805555555556 0.031759259259259306 0.015763888888889
7 0.45497106481481475 0.4948842592592593 0.03024305555555564 0.017314814814814738
4 0.8770370370370371 0.5706828703703704 0.03019675925925931 0.01575231481481474
14 0.0935474537037037 0.5086168981481481 0.030196759259259263 0.01575231481481474
6 0.4572685185185185 0.6019560185185184 0.031759259259259306 0.015763888888889
9 0.45190972222222214 0.4135937500000001 0.03180555555555564 0.017326388888889
12 0.8881770833333335 0.4848090277777778 0.03175925925925895 0.01576388888888882
3 0.0125 0.46015625 0.025 0.0171875
13 0.9280902777777778 0.4827604166666667 0.03019675925925931 0.01575231481481474
8 0.4673553240740741 0.9208506944444445 0.035208333333333286 0.026724537037037165
5 0.0664525462962963 0.4208969907407408 0.030196759259259263 0.01575231481481474
5 0.8247511574074075 0.4101041666666667 0.030243055555555287 0.017314814814814738
3 0.8760069444444444 0.44721064814814815 0.030104166666666998 0.012627314814814739
14 0.8034317129629629 0.4966840277777777 0.030104166666666644 0.012627314814814739
0 0.9748321759259259 0.6722106481481481 0.01755787037037031 0.01097222222222225
2 0.14112268518518517 0.45895833333333336 0.03327546296296298 0.014212962962962905
4 0.01640625 0.59453125 0.0328125 0.0171875
12 0.0078125 0.50390625 0.015625 0.0140625