11 0.9046875 0.47890625 0.0171875 0.0171875
6 0.12890625 0.571875 0.0234375 0.025
10 0.83828125 0.4859375 0.0171875 0.0171875
2 0.559375 0.37421875 0.0171875 0.0171875
12 0.72265625 0.403125 0.0171875 0.0171875
4 0.67109375 0.4859375 0.0171875 0.0171875
3 0.72109375 0.359375 0.0171875 0.0171875
8 0.103125 0.8703125 0.02109375 0.0234375
13 0.778125 0.396875 0.0171875 0.0171875
14 0.6078125 0.42109375 0.0171875 0.0171875
5 0.66484375 0.3234375 0.0171875 0.0171875
0 0.771875 0.5796875 0.0171875 0.0171875
9 0.1484375 0.3609375 0.01875 0.02265625
7 0.140625 0.45859375 0.0203125 0.01875