2 0.6321238425925927 0.34589120370370374 0.02998842592592581 0.02106481481481488
0 0.8780613425925925 0.6079861111111111 0.02994212962962948 0.01793981481481488
7 0.23995949074074074 0.4383391203703704 0.029942129629629655 0.01793981481481488
10 0.9388252314814813 0.49311342592592594 0.03155092592592581 0.02112268518518512
12 0.8044618055555557 0.38350694444444444 0.02998842592592581 0.02106481481481488
9 0.23592592592592593 0.3241898148148148 0.03155092592592599 0.02112268518518512
4 0.7709606481481481 0.49392361111111105 0.02998842592592581 0.02106481481481488
8 0.25744212962962965 0.9332465277777778 0.03157407407407407 0.022685185185185475
14 0.6868518518518518 0.4033564814814815 0.02998842592592581 0.02106481481481488
5 0.7335069444444444 0.284837962962963 0.03157407407407398 0.02268518518518512
6 0.24430555555555555 0.573582175925926 0.0284259259259259 0.021006944444444463
3 0.7966550925925926 0.33090277777777777 0.03155092592592581 0.02112268518518512
13 0.8613773148148148 0.377806712962963 0.02530092592592581 0.02089120370370372