4 0.1074074074074074 0.46232638888888894 0.03805555555555555 0.023692129629629476
14 0.19155671296296295 0.37689236111111113 0.03644675925925922 0.022106481481481487
6 0.6214814814814815 0.5230439814814816 0.03966435185185198 0.025277777777777642
7 0.6169270833333333 0.39568865740740744 0.036400462962962975 0.02054398148148149
9 0.6109085648148148 0.2979861111111111 0.036400462962962975 0.02054398148148149
2 0.99140625 0.371875 0.0171875 0.025
12 0.08635995370370371 0.3581539351851852 0.03805555555555555 0.023692129629629653
13 0.032407407407407406 0.3557928240740741 0.036493055555555556 0.02366898148148149
5 0.15879050925925925 0.2725462962962963 0.03800925925925926 0.022129629629629655
3 0.09595486111111111 0.31300347222222225 0.037962962962962976 0.020567129629629654
8 0.6360648148148148 0.9098090277777778 0.0427893518518518 0.025324074074074332
2 0.24689814814814817 0.32070601851851854 0.04283564814814813 0.026886574074074066