6 0.17890625 0.525 0.0359375 0.03984375
7 0.17578125 0.3921875 0.0296875 0.0328125
10 0.75 0.396875 0.025 0.0296875
4 0.63203125 0.40859375 0.0234375 0.0265625
2 0.50625 0.29140625 0.02265625 0.0234375
0 0.73203125 0.503125 0.0265625 0.0296875
14 0.55625 0.334375 0.02265625 0.0234375
12 0.6390625 0.315625 0.02265625 0.02265625
13 0.678125 0.3109375 0.0203125 0.01640625
3 0.62578125 0.27734375 0.0203125 0.01875
9 0.17578125 0.2984375 0.0296875 0.0296875
11 0.79140625 0.38984375 0.0171875 0.01875
1 0.8859375 0.45625 0.025 0.0296875
5 0.57421875 0.24375 0.0265625 0.0203125
8 0.19375 0.95078125 0.01875 0.02265625