11 0.23887152777777781 0.38203125 0.06454861111111114 0.034375
10 0.3424074074074074 0.40703125 0.06298611111111115 0.034375
13 0.5040914351851852 0.30390625 0.06445601851851848 0.028125
14 0.801545138888889 0.3703125 0.058229166666666644 0.0296875
12 0.5897511574074075 0.32265625 0.06918981481481482 0.03125
2 0.9234837962962963 0.31328125 0.05976851851851848 0.028125
4 0.6214583333333333 0.45 0.059791666666666646 0.0296875
3 0.6241898148148148 0.265625 0.05974537037037031 0.0265625
1 0.02265625 0.44609375 0.0453125 0.0359375
5 0.7497453703703704 0.228125 0.059699074074073974 0.0234375
0 0.39107060185185183 0.55 0.06939814814814813 0.0453125