4 0.5452893518518518 0.4275231481481482 0.02996527777777782 0.018888888888889
0 0.6404224537037038 0.4930787037037037 0.028379629629629654 0.017314814814814738
10 0.6712789351851851 0.4143923611111111 0.028402777777777645 0.01887731481481474
2 0.4238483796296296 0.34458333333333335 0.028379629629629654 0.017314814814814828
6 0.06009837962962963 0.5317534722222221 0.028402777777777777 0.01887731481481474
9 0.06197916666666666 0.35206018518518517 0.029965277777777778 0.01888888888888891
7 0.060833333333333336 0.4294039351851852 0.02994212962962961 0.017326388888889
1 0.8105902777777778 0.45136574074074076 0.029965277777778 0.018888888888889
14 0.4710532407407408 0.3754050925925926 0.029965277777777643 0.018888888888888823
3 0.5545833333333333 0.3275810185185185 0.02996527777777782 0.018888888888888823
13 0.6058217592592593 0.349837962962963 0.02996527777777782 0.01888888888888891
12 0.5642881944444444 0.35812499999999997 0.028379629629629654 0.017314814814814738
5 0.49869212962962967 0.3029456018518518 0.029942129629629655 0.017326388888888912
11 0.7190740740740741 0.4053703703703704 0.02996527777777782 0.018888888888888823
8 0.05956018518518519 0.8317824074074075 0.029965277777777778 0.018888888888889