4 0.9129745370370369 0.5916087962962963 0.042835648148147956 0.024039351851851798
6 0.44757523148148143 0.5965856481481481 0.041180555555555644 0.020868055555555643
8 0.44813078703703707 0.894519675925926 0.04444444444444447 0.02564814814814831
5 0.8849131944444444 0.40389467592592593 0.042835648148147956 0.024039351851851798
2 0.7906018518518518 0.4464525462962962 0.04283564814814831 0.024039351851851975
12 0.9485879629629629 0.49804976851851845 0.04435185185185162 0.02252314814814831
9 0.4458738425925926 0.3901041666666667 0.04430555555555564 0.02096064814814813
7 0.44697916666666665 0.48475115740740743 0.0427893518518518 0.022476851851851977
2 0.07736689814814815 0.42375578703703703 0.04596064814814813 0.024131944444444463
3 0.9437268518518518 0.45098958333333333 0.042835648148147956 0.024039351851851798
14 0.8366377314814816 0.5025520833333333 0.04444444444444429 0.025648148148148132
14 0.0203125 0.48125 0.040625 0.025