6 0.6906597222222223 0.5712731481481482 0.03180555555555564 0.01905092592592581
14 0.27011574074074074 0.4641724537037037 0.030243055555555554 0.01902777777777782
0 0.10124999999999999 0.6737962962962963 0.03028935185185184 0.020590277777777822
7 0.6745023148148148 0.44802083333333337 0.03024305555555564 0.019027777777777644
10 0.05671875 0.5689409722222223 0.03028935185185184 0.020590277777777645
9 0.6623495370370371 0.35440972222222217 0.030289351851851977 0.020590277777777822
2 0.31615162037037037 0.40877893518518515 0.030289351851851797 0.020590277777777822
4 0.19770833333333332 0.5527835648148148 0.030289351851851887 0.020590277777777822
12 0.1715162037037037 0.46016203703703706 0.030243055555555554 0.01902777777777782
8 0.7346296296296296 0.9473495370370371 0.04315972222222229 0.03327546296296298
3 0.17718171296296298 0.4139641203703704 0.030243055555555554 0.01902777777777782
13 0.12071180555555557 0.46013310185185186 0.03180555555555555 0.01905092592592581
5 0.22907986111111112 0.37177083333333333 0.03180555555555555 0.019050925925925898