10 0.9269386574074072 0.46304976851851853 0.028402777777778 0.01902777777777782
4 0.747800925925926 0.4760243055555556 0.028402777777777645 0.01902777777777782
7 0.10008680555555556 0.47033564814814816 0.028402777777777777 0.01902777777777782
6 0.11614583333333335 0.5995081018518518 0.03950231481481481 0.030127314814814808
0 0.8917592592592593 0.5695833333333333 0.028402777777777645 0.019027777777777644
14 0.6378819444444443 0.405630787037037 0.028402777777777645 0.019027777777777644
13 0.8235243055555556 0.3755613425925926 0.028402777777777645 0.01902777777777782
2 0.5689641203703704 0.3631944444444445 0.028402777777777822 0.01902777777777782
3 0.7458969907407408 0.34081018518518513 0.028402777777777822 0.01902777777777782
9 0.09137731481481481 0.37252893518518515 0.028402777777777777 0.01902777777777782
12 0.7624710648148149 0.3824710648148148 0.028402777777777645 0.01902777777777782
5 0.6681770833333334 0.3123090277777778 0.028402777777777822 0.01902777777777782