6 0.0765625 0.5421875 0.03515625 0.03984375
7 0.084375 0.41953125 0.03359375 0.0359375
9 0.0921875 0.31484375 0.0265625 0.0296875
2 0.5375 0.3296875 0.02265625 0.0234375
12 0.71328125 0.3609375 0.02265625 0.0234375
14 0.5890625 0.37890625 0.0203125 0.02265625
11 0.90703125 0.43984375 0.025 0.025
10 0.834375 0.44765625 0.0265625 0.03125
3 0.7109375 0.3140625 0.02265625 0.0203125
13 0.7703125 0.353125 0.02265625 0.02265625
5 0.646875 0.27421875 0.025 0.0203125
4 0.66328125 0.45546875 0.0203125 0.02265625
8 0.05390625 0.86484375 0.03125 0.02890625
0 0.76484375 0.54921875 0.04375 0.0484375