2 0.8339699074074074 0.3082986111111111 0.03512731481481488 0.02385416666666664
6 0.46446759259259257 0.5284027777777778 0.03831018518518512 0.025486111111111143
8 0.4759837962962963 0.9237847222222222 0.04328703703703703 0.03340277777777771
14 0.89296875 0.36015625 0.03668981481481488 0.023888888888888894
7 0.45969328703703705 0.39949652777777783 0.03512731481481488 0.02385416666666664
3 0.98828125 0.29609375 0.0234375 0.0234375
4 0.9859375 0.45234375 0.028125 0.0296875
12 0.99375 0.34375 0.0125 0.021875
5 0.9250868055555556 0.25623263888888886 0.03512731481481488 0.02385416666666664
9 0.4560763888888889 0.3018402777777778 0.03668981481481488 0.023888888888888894
2 0.07627314814814815 0.3915972222222222 0.04762731481481482 0.024131944444444463
14 0.018518518518518517 0.45777777777777773 0.019097222222222217 0.0125694444444445