6 0.2109375 0.55859375 0.0203125 0.02243055555555564
0 0.95546875 0.5931539351851851 0.01875 0.017696759259259308
4 0.81640625 0.4913773148148149 0.01875 0.01925925925925931
10 0.99375 0.4890625 0.0125 0.015625
7 0.2015625 0.4380034722222222 0.0203125 0.020868055555555643
14 0.71171875 0.41640046296296296 0.01875 0.01925925925925931
12 0.8328125 0.39967592592592593 0.0203125 0.019305555555555465
9 0.19453125 0.34560763888888885 0.021875 0.022476851851851797
13 0.89140625 0.397505787037037 0.01875 0.017696759259259308
5 0.74375 0.32516203703703705 0.0203125 0.019305555555555555
3 0.81875 0.36097800925925927 0.0203125 0.017743055555555554
2 0.64296875 0.3690509259259259 0.01875 0.01925925925925931
8 0.24140625 0.9173090277777778 0.0296875 0.035208333333333286
9 0.19375 0.3463657407407407 0.0171875 0.012962962962962976