6 0.7894502314814815 0.6309548611111111 0.04756944444444429 0.031597222222222145
7 0.8005324074074075 0.4515104166666667 0.04439814814814795 0.02998842592592581
5 0.25082175925925926 0.18957175925925926 0.042743055555555555 0.026840277777777755
0 0.14910300925925926 0.6308391203703703 0.044351851851851844 0.02842592592592581
10 0.06556712962962963 0.47342013888888895 0.044351851851851844 0.02842592592592581
2 0.37007523148148147 0.2873900462962963 0.04113425925925931 0.025254629629629655
4 0.24178819444444444 0.49086805555555557 0.04600694444444446 0.03157407407407398
9 0.8096412037037037 0.28453125 0.042835648148147956 0.02996527777777782
14 0.31871527777777775 0.37252893518518515 0.04283564814814813 0.02996527777777782
12 0.19028356481481482 0.33392361111111113 0.03805555555555555 0.02677083333333332
3 0.18714120370370368 0.254224537037037 0.036400462962962954 0.023622685185185156
13 0.1266087962962963 0.3197048611111111 0.03980324074074071 0.03304398148148149