11 0.85234375 0.3984375 0.0171875 0.0171875
14 0.590625 0.33359375 0.0171875 0.0171875
10 0.803125 0.40625 0.0171875 0.0171875
1 0.96171875 0.47421875 0.0171875 0.0171875
12 0.68359375 0.3171875 0.0171875 0.0171875
4 0.6765625 0.41640625 0.0171875 0.0171875
0 0.7828125 0.5203125 0.0171875 0.0171875
3 0.6703125 0.271875 0.0171875 0.0171875
2 0.53828125 0.2859375 0.0171875 0.0171875
6 0.184375 0.53046875 0.0203125 0.0203125
13 0.7265625 0.3078125 0.0171875 0.0171875
7 0.1828125 0.3890625 0.0203125 0.0203125
5 0.6140625 0.23515625 0.0171875 0.0171875
9 0.1828125 0.28125 0.0171875 0.0171875
8 0.19296875 0.98828125 0.0265625 0.0234375