6 0.43204861111111104 0.5360300925925926 0.043888888888889 0.020567129629629654
4 0.9021990740740741 0.5211226851851851 0.04543981481481474 0.019027777777777644
14 0.8189178240740741 0.4566145833333334 0.043888888888889 0.020567129629629654
8 0.41086226851851854 0.8395891203703705 0.04547453703703717 0.023715277777777998
2 0.7694270833333333 0.41916666666666663 0.043888888888888825 0.020567129629629654
7 0.43921875000000005 0.4494270833333333 0.043888888888889 0.020567129629629654
5 0.034895833333333334 0.38719328703703704 0.04387731481481481 0.019004629629629656
13 0.9556018518518519 0.45395254629629633 0.04543981481481474 0.019027777777777644
12 0.9126331018518519 0.4533159722222222 0.043888888888889 0.020567129629629654
9 0.445011574074074 0.3878009259259259 0.04387731481481474 0.019004629629629656
3 0.8999074074074074 0.42266203703703703 0.04543981481481509 0.01902777777777782
5 0.842662037037037 0.39291087962962956 0.042314814814814736 0.018981481481481488