6 0.4224479166666667 0.5445949074074073 0.02373842592592599 0.020462962962962905
14 0.8092824074074073 0.4341666666666667 0.023715277777777998 0.018900462962962904
2 0.7566666666666666 0.39939814814814817 0.02217592592592581 0.02045138888888891
8 0.4132002314814815 0.8523726851851852 0.026979166666666644 0.028298611111111073
5 0.827488425925926 0.3655439814814815 0.022152777777778 0.018888888888888823
4 0.8928472222222222 0.48947916666666663 0.023715277777777644 0.018900462962962904
7 0.4261342592592593 0.45398726851851856 0.02215277777777782 0.018888888888889
12 0.9016550925925927 0.42234953703703704 0.022152777777778 0.018888888888889
9 0.4262905092592593 0.3907002314814815 0.02217592592592581 0.02045138888888891
13 0.9470601851851853 0.41643518518518513 0.022152777777778 0.018888888888889
3 0.8864930555555557 0.3909837962962963 0.02212962962962948 0.017326388888888822