6 0.31112847222222223 0.6150694444444444 0.05826388888888889 0.019351851851851797
4 0.8829340277777777 0.5234895833333333 0.05670138888888872 0.01930555555555564
8 0.38586805555555553 0.9217708333333334 0.058368055555555555 0.02403935185185162
2 0.7115625 0.4005208333333334 0.058229166666666644 0.017789351851851976
14 0.7790277777777778 0.45014467592592594 0.05666666666666664 0.017743055555555644
5 0.8110069444444445 0.34335069444444444 0.058229166666666644 0.017789351851851886
7 0.28432291666666665 0.4979456018518519 0.058229166666666644 0.017789351851851976
13 0.9649652777777777 0.42052083333333334 0.058229166666666644 0.0177893518518518
12 0.9042361111111112 0.42809027777777775 0.05826388888888871 0.019351851851851974
3 0.8868055555555555 0.38151041666666663 0.05666666666666664 0.017743055555555554
9 0.25935763888888885 0.39336805555555554 0.05826388888888889 0.019351851851851887