2 0.5 0.27421875 0.025 0.0234375
0 0.81015625 0.4375 0.025 0.0296875
7 0.0828125 0.375 0.0265625 0.03515625
10 0.81640625 0.35 0.02265625 0.0265625
6 0.1046875 0.490625 0.03125 0.0390625
4 0.66796875 0.36328125 0.025 0.025
9 0.06875 0.290625 0.0265625 0.0296875
5 0.57578125 0.228125 0.0265625 0.0203125
11 0.8765625 0.3390625 0.02265625 0.0234375
3 0.6453125 0.2578125 0.02265625 0.02265625
13 0.71640625 0.2828125 0.0203125 0.0140625
12 0.6703125 0.290625 0.0203125 0.0203125
8 0.18359375 0.884375 0.04375 0.0375