7 0.1909837962962963 0.3734375 0.04078703703703703 0.021875
6 0.20377893518518517 0.54453125 0.04076388888888891 0.01875
2 0.5911458333333334 0.24609375 0.03762731481481474 0.0171875
5 0.7011574074074074 0.16015625 0.040763888888889 0.01875
14 0.6366377314814814 0.32734375 0.039201388888889 0.01875
0 0.789525462962963 0.5703125 0.039201388888889 0.01875
9 0.18042824074074076 0.21640625 0.04078703703703708 0.021875
2 0.7532465277777778 0.3 0.03920138888888882 0.01875
8 0.22130208333333332 0.92109375 0.0439699074074074 0.0296875
4 0.7092361111111111 0.440625 0.03298611111111107 0.0234375
10 0.8624189814814816 0.4328125 0.039270833333333144 0.028125
3 0.7592650462962963 0.22578125 0.036076388888888825 0.01875
13 0.8142708333333333 0.28828125 0.036076388888889 0.01875
11 0.93203125 0.421875 0.032951388888889 0.01875