4 0.09296875 0.475 0.0171875 0.0171875
14 0.1765625 0.38515625 0.0171875 0.0171875
6 0.60703125 0.51015625 0.01875 0.0203125
7 0.6015625 0.3828125 0.0171875 0.0171875
9 0.5953125 0.2859375 0.0171875 0.0171875
2 0.9859375 0.34140625 0.0171875 0.02109375
12 0.07109375 0.371875 0.0171875 0.0171875
13 0.0171875 0.371875 0.0171875 0.0171875
5 0.14296875 0.2828125 0.0171875 0.0171875
3 0.08046875 0.3265625 0.0171875 0.0171875
8 0.6234375 0.896875 0.0203125 0.0203125
2 0.23125 0.3265625 0.02109375 0.0203125