2 0.9055381944444445 0.3525405092592592 0.051701388888889 0.014618055555555643
6 0.5849189814814815 0.5125347222222223 0.051701388888888825 0.014618055555555643
4 0.11916087962962965 0.480769675925926 0.05333333333333332 0.024039351851851975
12 0.104375 0.3826967592592593 0.050127314814814826 0.013009259259259309
7 0.5761805555555556 0.38730324074074074 0.050138888888889 0.014571759259259309
5 0.16932291666666668 0.2932349537037037 0.05013888888888891 0.014571759259259309
13 0.05905671296296296 0.38057291666666665 0.050127314814814826 0.013009259259259309
14 0.19659722222222223 0.3901157407407408 0.053321759259259235 0.022476851851851797
0 0.02265625 0.60390625 0.0453125 0.0171875
9 0.5700289351851853 0.29495370370370366 0.051701388888889 0.014618055555555554
8 0.6113368055555555 0.9155729166666667 0.0627199074074074 0.02587962962962962
3 0.11340277777777778 0.33609953703703704 0.05168981481481483 0.013055555555555553
2 0.24462384259259257 0.33608217592592593 0.05481481481481483 0.013148148148148131
14 0.9637905092592594 0.4136284722222222 0.05798611111111107 0.019490740740740798
5 0.97734375 0.3125 0.0453125 0.01875