7 0.6819097222222222 0.3520023148148148 0.01930555555555564 0.018877314814814826
4 0.1262326388888889 0.4604108796296297 0.020868055555555553 0.018888888888889
12 0.10293402777777778 0.3500578703703704 0.020868055555555553 0.01888888888888891
6 0.6878993055555556 0.4927025462962963 0.01925925925925931 0.017314814814814738
14 0.21828124999999998 0.36028935185185185 0.02082175925925931 0.017326388888888822
0 0.0046875 0.5953125 0.009375 0.01875
3 0.11457175925925926 0.3001331018518519 0.019259259259259264 0.017314814814814738
5 0.1808738425925926 0.2513946759259259 0.01925925925925922 0.017314814814814828
2 0.2747511574074074 0.3005381944444444 0.02082175925925931 0.017326388888888822
13 0.04739583333333334 0.3519907407407407 0.019305555555555555 0.018877314814814826
9 0.676417824074074 0.24725115740740738 0.01930555555555564 0.018877314814814826
8 0.7017997685185186 0.9202430555555555 0.037233796296296265 0.04400462962962948