10 0.6199421296296297 0.598761574074074 0.06310185185185198 0.04099537037037031
11 0.7894155092592593 0.5923437500000001 0.06461805555555564 0.03789351851851848
14 0.26659143518518513 0.4305208333333333 0.056643518518518475 0.026840277777777644
2 0.2666030092592592 0.32581018518518523 0.055081018518518474 0.026817129629629656
3 0.651701388888889 0.3161979166666667 0.050277777777777824 0.018935185185185156
5 0.6083101851851852 0.23557291666666663 0.05328703703703717 0.011168981481481488
13 0.6920486111111112 0.402337962962963 0.05662037037037031 0.025277777777777823
12 0.5569618055555555 0.40902777777777777 0.055081018518518474 0.026817129629629656
4 0.2697222222222222 0.5891030092592592 0.0631018518518518 0.04099537037037031
0 0.2725694444444445 0.7812905092592592 0.07100694444444447 0.047361111111111145
1 0.8700520833333334 0.7607175925925926 0.061400462962962976 0.031597222222222145