10 0.05739004629629629 0.4445891203703704 0.028402777777777777 0.019351851851851974
6 0.7200636574074075 0.542193287037037 0.026909722222222144 0.023993055555555642
7 0.7196701388888889 0.4101157407407408 0.028472222222222142 0.024039351851851975
0 0.09035300925925926 0.5592881944444444 0.031620370370370354 0.025694444444444464
14 0.2922974537037037 0.3680671296296296 0.02684027777777782 0.019305555555555555
2 0.348587962962963 0.31637731481481485 0.02684027777777782 0.019305555555555555
12 0.19115740740740741 0.34683449074074074 0.026863425925925943 0.020868055555555553
13 0.14026041666666667 0.3405266203703704 0.026863425925925943 0.020868055555555553
4 0.20596643518518518 0.44956597222222217 0.02684027777777782 0.01930555555555564
3 0.20144675925925926 0.30276041666666664 0.0284259259259259 0.0209143518518518
5 0.2626099537037037 0.26343171296296297 0.0284259259259259 0.0209143518518518
8 0.7151215277777778 0.9472048611111111 0.04743055555555564 0.038657407407407265
9 0.7205324074074074 0.3100462962962963 0.028425925925925986 0.020914351851851885