14 0.660630787037037 0.3290162037037037 0.05655092592592581 0.027164351851851887
10 0.8755844907407407 0.3828298611111111 0.05655092592592581 0.027164351851851797
11 0.9317650462962963 0.37647569444444445 0.05655092592592581 0.027164351851851797
12 0.7550231481481482 0.3168402777777778 0.05655092592592599 0.027164351851851797
3 0.7420486111111112 0.2851793981481482 0.05655092592592581 0.027164351851851797
7 0.23968749999999997 0.3516493055555555 0.05655092592592599 0.027164351851851797
6 0.24657986111111113 0.44758101851851856 0.05655092592592599 0.027164351851851974
0 0.8571990740740741 0.4607523148148148 0.05655092592592581 0.027164351851851974
8 0.26677662037037037 0.7557118055555556 0.061284722222222233 0.030428240740740797
2 0.6030208333333333 0.29164351851851855 0.05655092592592599 0.027164351851851797
13 0.8003125000000001 0.31393518518518515 0.05655092592592581 0.027164351851851797
9 0.23545138888888886 0.2767418981481481 0.05655092592592599 0.027164351851851797
5 0.6806712962962964 0.2572974537037037 0.05655092592592581 0.027164351851851797
4 0.7466666666666667 0.3858680555555556 0.05655092592592599 0.027164351851851797