13 0.3089293981481481 0.4015509259259259 0.05839120370370372 0.03930555555555557
11 0.22473958333333335 0.5993865740740741 0.06482638888888888 0.051851851851851906
0 0.7505729166666667 0.757986111111111 0.07266203703703696 0.05347222222222214
14 0.7386284722222223 0.40395254629629634 0.055312499999999966 0.04240740740740741
2 0.7331481481481481 0.29921296296296296 0.05365740740740747 0.03614583333333332
12 0.4456828703703703 0.4002199074074074 0.05531250000000014 0.04240740740740741
1 0.15105324074074072 0.7738599537037036 0.06165509259259259 0.048703703703703735
10 0.3935590277777778 0.595949074074074 0.06650462962962962 0.05967592592592581
3 0.3469212962962963 0.3158854166666667 0.05204861111111114 0.03300925925925924
4 0.7448148148148148 0.5665162037037037 0.05687500000000014 0.04241898148148149
5 0.38416666666666666 0.22787037037037033 0.05195601851851848 0.02675925925925924