10 0.9500289351851852 0.5639236111111112 0.05813657407407433 0.014386574074073977
2 0.6751851851851851 0.3992824074074074 0.05655092592592581 0.0128009259259259
0 0.8727199074074076 0.6681712962962963 0.05811342592592581 0.012824074074073977
7 0.2900462962962963 0.4565393518518519 0.05337962962962965 0.009629629629629478
8 0.23387152777777778 0.9267997685185186 0.05657407407407407 0.01436342592592581
9 0.3009837962962963 0.350931712962963 0.05498842592592599 0.012777777777777822
5 0.7798090277777778 0.34930555555555554 0.05813657407407398 0.014386574074074154
14 0.7180671296296296 0.4572280092592592 0.05498842592592599 0.012777777777777822
12 0.8338078703703704 0.44770254629629636 0.05811342592592581 0.012824074074073977
3 0.8353182870370371 0.3984722222222222 0.05657407407407433 0.0143634259259259
6 0.2748784722222222 0.5840798611111111 0.05496527777777782 0.011215277777777644
4 0.7854166666666667 0.5507407407407408 0.05655092592592581 0.01280092592592581
13 0.8916087962962962 0.44762731481481477 0.05337962962962948 0.009629629629629655