7 0.14609375 0.4751215277777778 0.05 0.028506944444444394
0 0.721875 0.5488541666666666 0.05 0.02850694444444457
2 0.496875 0.3946354166666667 0.05 0.026944444444444392
3 0.625 0.37873263888888886 0.0484375 0.02690972222222223
11 0.7984375 0.45914930555555555 0.0515625 0.026979166666666644
10 0.74921875 0.46743055555555557 0.05 0.028506944444444394
5 0.5734375 0.35727430555555556 0.05 0.028506944444444394
14 0.5453125 0.42696180555555563 0.0484375 0.026909722222222144
13 0.68046875 0.40418402777777784 0.0515625 0.025416666666666643
6 0.15 0.5736458333333333 0.05 0.025381944444444395
9 0.14375 0.4016319444444445 0.05 0.02538194444444457
4 0.62265625 0.47946180555555556 0.05 0.026944444444444392
1 0.896875 0.5066493055555557 0.0515625 0.026979166666666644
12 0.6375 0.40791666666666665 0.05 0.026944444444444392
8 0.159375 0.8660416666666666 0.0546875 0.03486111111111114