0 0.615625 0.5182233796296296 0.05 0.015879629629629653
10 0.6453125 0.44043981481481487 0.05 0.014317129629629655
14 0.453125 0.40500578703703705 0.0515625 0.01590277777777782
11 0.69140625 0.4327256944444445 0.0515625 0.014340277777777822
6 0.06484375 0.5513831018518518 0.0515625 0.014340277777777643
7 0.065625 0.4576215277777778 0.05 0.014317129629629655
3 0.5328125 0.36085648148148153 0.05 0.014317129629629655
2 0.4078125 0.3752083333333333 0.05 0.015879629629629653
1 0.77734375 0.47520254629629627 0.05 0.014317129629629655
9 0.0671875 0.3825983796296296 0.05 0.014317129629629655
12 0.5421875 0.3849363425925926 0.0515625 0.01590277777777782
5 0.48203125 0.3381712962962963 0.0515625 0.01590277777777782
13 0.584375 0.3819675925925926 0.0515625 0.01590277777777782
8 0.06171875 0.8412731481481484 0.05 0.015879629629629476
4 0.528125 0.45467592592592593 0.05 0.012754629629629654