0 0.690625 0.540625 0.0171875 0.0171875
14 0.5203125 0.41875 0.0171875 0.0171875
6 0.1203125 0.5640625 0.01875 0.0234375
11 0.7703125 0.4515625 0.0171875 0.0171875
7 0.11875 0.4671875 0.0203125 0.02109375
5 0.54921875 0.34765625 0.0171875 0.0171875
13 0.6578125 0.396875 0.0171875 0.0171875
1 0.8640625 0.5015625 0.0171875 0.0171875
2 0.471875 0.3875 0.0171875 0.0171875
4 0.5984375 0.471875 0.0171875 0.0171875
3 0.60390625 0.3734375 0.0171875 0.0171875
9 0.1203125 0.3921875 0.0171875 0.0171875
12 0.6140625 0.403125 0.0171875 0.0171875
10 0.72109375 0.4609375 0.0171875 0.0171875
8 0.1203125 0.85703125 0.0390625 0.0390625