4 0.9184548611111112 0.46710069444444446 0.025277777777778 0.017743055555555644
14 0.8378356481481483 0.37421875 0.023715277777777998 0.017696759259259308
6 0.3916261574074074 0.5006712962962963 0.025277777777777823 0.017743055555555644
7 0.4029224537037037 0.37070601851851853 0.025277777777777823 0.017743055555555554
9 0.41454861111111113 0.27118634259259256 0.025254629629629655 0.016180555555555552
2 0.013142361111111112 0.3252488425925926 0.025324074074074075 0.020868055555555553
12 0.9457870370370369 0.3616493055555556 0.023692129629629476 0.01613425925925931
13 0.9934432870370369 0.3602372685185185 0.008067129629629476 0.015671296296296332
5 0.8768634259259258 0.2699826388888889 0.023715277777777998 0.017696759259259308
3 0.9386574074074072 0.3157870370370371 0.023715277777777998 0.017696759259259308
8 0.3545428240740741 0.8953472222222223 0.026886574074074066 0.020914351851851976
2 0.7840624999999999 0.3141203703703704 0.02842592592592581 0.01939814814814813