10 0.06942708333333333 0.4702719907407408 0.023946759259259265 0.017442129629629478
7 0.7041087962962964 0.39208912037037036 0.023993055555555642 0.019004629629629656
0 0.11492476851851852 0.5813657407407408 0.023993055555555552 0.019004629629629656
6 0.7156712962962963 0.5185358796296297 0.023900462962962978 0.015879629629629653
2 0.3364699074074074 0.329537037037037 0.023993055555555552 0.019004629629629656
4 0.21386574074074077 0.4650057870370371 0.022337962962962976 0.01585648148148149
14 0.2903414351851852 0.38180555555555556 0.023993055555555552 0.019004629629629656
12 0.18833912037037037 0.3684664351851852 0.023946759259259244 0.017442129629629655
3 0.19637152777777778 0.3230150462962963 0.02394675925925922 0.017442129629629655
9 0.6950347222222222 0.296869212962963 0.02238425925925931 0.017418981481481487
13 0.1390509259259259 0.3668518518518519 0.02394675925925922 0.017442129629629655
5 0.2506828703703704 0.28313078703703703 0.025555555555555554 0.01902777777777782
8 0.7537847222222223 0.907986111111111 0.04472222222222229 0.033368055555555644