10 0.38710069444444445 0.5600983796296296 0.0353472222222222 0.044965277777777854
0 0.5038368055555555 0.7606770833333334 0.03531249999999986 0.04340277777777786
13 0.51859375 0.41328125 0.027222222222222214 0.030613425925925954
14 0.8780729166666668 0.5274594907407407 0.028854166666666715 0.033796296296296366
11 0.2589236111111111 0.522511574074074 0.028854166666666715 0.03379629629629619
12 0.631267361111111 0.4448206018518519 0.028923611111111212 0.03692129629629619
4 0.7013194444444444 0.6350694444444445 0.032048611111111215 0.03703703703703702
3 0.6417013888888888 0.3623263888888889 0.022465277777777716 0.027314814814814792
5 0.7718576388888889 0.31085069444444446 0.02864583333333339 0.024421296296296368
2 0.9876736111111111 0.45098379629629626 0.008576388888889142 0.03460648148148149
1 0.052899305555555554 0.6102719907407408 0.032048611111111125 0.03703703703703702