3 0.221875 0.29108217592592595 0.0203125 0.017696759259259308
11 0.021875 0.43919560185185186 0.0203125 0.01925925925925931
7 0.7578125 0.3681712962962963 0.0203125 0.01925925925925931
14 0.3171875 0.3515393518518518 0.021875 0.019305555555555555
0 0.1265625 0.5587500000000001 0.021875 0.017743055555555644
2 0.36796875 0.2969097222222222 0.021875 0.019305555555555555
10 0.084375 0.44437499999999996 0.0203125 0.017696759259259308
9 0.7515625 0.26210648148148147 0.0203125 0.01769675925925922
4 0.2328125 0.4407581018518519 0.0203125 0.017696759259259308
5 0.27890625 0.2503298611111111 0.021875 0.017743055555555554
6 0.7671875 0.5030497685185186 0.0203125 0.017696759259259308
8 0.7890625 0.9203703703703704 0.0296875 0.030474537037036953
13 0.159375 0.33668402777777773 0.0203125 0.01925925925925931
12 0.21171875 0.33825810185185184 0.0234375 0.0256018518518518