10 0.19375 0.4109375 0.0171875 0.0171875
14 0.3953125 0.3703125 0.0171875 0.0171875
6 0.76796875 0.49765625 0.0171875 0.0203125
0 0.21015625 0.48046875 0.0171875 0.0171875
8 0.73203125 0.7796875 0.02265625 0.0234375
7 0.77734375 0.4109375 0.0171875 0.0171875
2 0.446875 0.3390625 0.0171875 0.0171875
5 0.3796875 0.3046875 0.0171875 0.0171875
4 0.3140625 0.41875 0.0171875 0.0171875
12 0.31015625 0.35625 0.0171875 0.0171875
9 0.78515625 0.34296875 0.0171875 0.0171875
11 0.1484375 0.403125 0.0171875 0.0171875
3 0.32421875 0.3265625 0.0171875 0.0171875
13 0.26796875 0.3515625 0.0171875 0.0171875
1 0.0453125 0.4453125 0.0171875 0.0171875