10 0.19140625 0.321875 0.0171875 0.02421875
14 0.4265625 0.1765625 0.01171875 0.0171875
2 0.428125 0.10703125 0.009375 0.0171875
12 0.2484375 0.17421875 0.01171875 0.0171875
4 0.43046875 0.29453125 0.009375 0.0171875
0 0.43046875 0.46640625 0.0140625 0.02421875
11 0.0765625 0.3234375 0.0140625 0.0171875
7 0.99140625 0.1546875 0.01171875 0.0171875
3 0.19921875 0.115625 0.01953125 0.01953125
13 0.165625 0.178125 0.01953125 0.02421875
5 0.23046875 0.053125 0.0140625 0.009375
9 0.85703125 0.05078125 0.03125 0.02421875