11 0.03984375 0.52109375 0.0171875 0.0171875
10 0.11640625 0.53046875 0.0171875 0.0171875
6 0.953125 0.6609375 0.0171875 0.0171875
4 0.30234375 0.54140625 0.0171875 0.0171875
14 0.40703125 0.4609375 0.0171875 0.0171875
0 0.1703125 0.6421875 0.0171875 0.0171875
5 0.3640625 0.34765625 0.0171875 0.0171875
2 0.4765625 0.4078125 0.0171875 0.0171875
7 0.97890625 0.51796875 0.0171875 0.0171875
12 0.275 0.43828125 0.0171875 0.0171875
3 0.2859375 0.3890625 0.0171875 0.0171875
13 0.2078125 0.43046875 0.0125 0.0140625