10 0.9078125 0.45234375 0.0171875 0.0171875
4 0.74375 0.459375 0.0171875 0.0171875
6 0.1515625 0.5484375 0.0171875 0.0203125
0 0.86640625 0.5515625 0.0171875 0.0171875
11 0.98046875 0.44296875 0.0171875 0.0171875
12 0.76484375 0.37109375 0.0171875 0.0171875
14 0.6484375 0.39140625 0.0171875 0.0171875
2 0.5890625 0.34609375 0.0171875 0.0171875
13 0.82421875 0.365625 0.0171875 0.0171875
9 0.1546875 0.33828125 0.0171875 0.0171875
3 0.753125 0.3328125 0.0171875 0.0171875
5 0.68515625 0.3015625 0.0171875 0.0171875
7 0.153125 0.43046875 0.0171875 0.0171875
8 0.1484375 0.90390625 0.03515625 0.0390625