10 0.8864409722222224 0.3872280092592592 0.04881944444444457 0.014340277777777822
11 0.9581597222222221 0.38126157407407407 0.048854166666667 0.01590277777777782
0 0.8503472222222221 0.4850983796296296 0.047256944444444574 0.014317129629629477
4 0.7115972222222222 0.39166666666666666 0.04885416666666664 0.01590277777777773
6 0.07243055555555555 0.48294560185185187 0.047256944444444435 0.014317129629629655
2 0.5450347222222222 0.27673611111111107 0.04885416666666664 0.01590277777777782
14 0.6093055555555555 0.32220486111111113 0.047256944444444574 0.014317129629629655
9 0.07769097222222221 0.2627835648148148 0.04881944444444443 0.014340277777777822
5 0.6463541666666666 0.23215856481481484 0.047256944444444574 0.014317129629629655
13 0.7899826388888889 0.2991087962962963 0.04729166666666655 0.015879629629629653
8 0.06048611111111111 0.8943518518518518 0.05538194444444446 0.02849537037037031
3 0.7181597222222222 0.2652430555555555 0.04885416666666664 0.01590277777777782
7 0.07593749999999999 0.3596006944444444 0.047256944444444435 0.014317129629629655
12 0.7331076388888889 0.30529513888888893 0.04881944444444457 0.014340277777777822