6 0.21063657407407405 0.5010127314814815 0.061284722222222233 0.022569444444444465
4 0.8781770833333333 0.34679976851851857 0.06601851851851848 0.025833333333333285
14 0.7459085648148148 0.2819386574074074 0.06128472222222214 0.022569444444444465
7 0.18453124999999998 0.37438657407407405 0.05972222222222223 0.022523148148148132
2 0.6600810185185185 0.23914930555555552 0.05655092592592581 0.01930555555555564
12 0.874398148148148 0.24999421296296295 0.056527777777777996 0.017743055555555554
3 0.8487847222222221 0.2093287037037037 0.06601851851851848 0.025833333333333285
8 0.2916782407407407 0.9066030092592593 0.07075231481481481 0.029097222222222285
13 0.9437905092592593 0.23855902777777777 0.06440972222222215 0.022662037037037043
9 0.16431134259259259 0.2757233796296296 0.05813657407407406 0.020914351851851885
5 0.7632002314814814 0.18294560185185185 0.058090277777777644 0.01778935185185184