14 0.23046875 0.44296875 0.01875 0.02265625
6 0.6984375 0.56796875 0.0171875 0.0171875
4 0.13515625 0.515625 0.0265625 0.0234375
0 0.01015625 0.6140625 0.0171875 0.0171875
8 0.70703125 0.89609375 0.02734375 0.03125
5 0.19375 0.35859375 0.0171875 0.0171875
12 0.1140625 0.4296875 0.0171875 0.0171875
3 0.125 0.3921875 0.0171875 0.0171875
13 0.05625 0.4265625 0.0171875 0.0171875
9 0.69296875 0.37734375 0.0171875 0.0171875
2 0.28828125 0.3984375 0.0171875 0.0171875
7 0.6953125 0.4609375 0.0171875 0.0171875