14 0.76953125 0.44296875 0.01875 0.02265625
6 0.3015625 0.56796875 0.0171875 0.0171875
4 0.86484375 0.515625 0.0265625 0.0234375
0 0.98984375 0.6140625 0.0171875 0.0171875
8 0.29296875 0.89609375 0.02734375 0.03125
5 0.80625 0.35859375 0.0171875 0.0171875
12 0.8859375 0.4296875 0.0171875 0.0171875
3 0.875 0.3921875 0.0171875 0.0171875
13 0.94375 0.4265625 0.0171875 0.0171875
9 0.30703125 0.37734375 0.0171875 0.0171875
2 0.71171875 0.3984375 0.0171875 0.0171875
7 0.3046875 0.4609375 0.0171875 0.0171875