6 0.63046875 0.5359375 0.0171875 0.0171875
0 0.0265625 0.571875 0.0171875 0.0171875
7 0.6359375 0.44140625 0.0171875 0.0171875
2 0.28046875 0.38828125 0.0171875 0.0171875
12 0.1265625 0.4109375 0.0171875 0.0171875
9 0.64140625 0.3671875 0.0171875 0.0171875
3 0.13828125 0.3796875 0.0171875 0.0171875
4 0.14140625 0.48671875 0.0171875 0.0171875
13 0.078125 0.40859375 0.0171875 0.0171875
5 0.2 0.34765625 0.0171875 0.0171875
8 0.6109375 0.82265625 0.02265625 0.0265625
14 0.22578125 0.425 0.0171875 0.0171875