7 0.8418807870370371 0.39911458333333333 0.025138888888889 0.019131944444444392
0 0.17825810185185187 0.5491840277777778 0.025127314814814828 0.01756944444444457
10 0.11269097222222224 0.4500868055555555 0.025138888888888912 0.01913194444444457
4 0.2751793981481482 0.4521354166666667 0.025127314814814828 0.017569444444444395
11 0.04546296296296296 0.44312500000000005 0.025138888888888888 0.01913194444444457
8 0.8678819444444444 0.8511805555555556 0.02668981481481474 0.017604166666666643
9 0.8356655092592593 0.29821180555555554 0.025127314814814738 0.017569444444444395
2 0.4054282407407408 0.3198958333333334 0.025138888888889 0.019131944444444392
14 0.3558159722222222 0.3711284722222222 0.026689814814814826 0.017604166666666643
12 0.23542245370370368 0.35751736111111115 0.025127314814814828 0.017569444444444395
6 0.84984375 0.5250520833333333 0.02668981481481474 0.017604166666666643
5 0.29726273148148147 0.26984375 0.025138888888888912 0.019131944444444392
3 0.23898726851851854 0.3115104166666667 0.026701388888888823 0.019166666666666644
13 0.17835648148148148 0.3515625 0.026689814814814826 0.017604166666666643