14 0.49921875 0.4203125 0.0171875 0.0171875
0 0.3359375 0.5328125 0.0171875 0.0171875
2 0.54375 0.390625 0.0171875 0.0171875
3 0.42109375 0.37421875 0.0171875 0.0171875
1 0.17109375 0.49375 0.0171875 0.0171875
11 0.259375 0.44921875 0.0171875 0.0171875
12 0.41015625 0.4015625 0.0171875 0.0171875
13 0.36875 0.39765625 0.0171875 0.0171875
7 0.884375 0.4703125 0.0171875 0.0171875
9 0.8828125 0.39765625 0.0171875 0.0171875
4 0.42578125 0.4703125 0.0171875 0.0171875
5 0.4703125 0.353125 0.0171875 0.0171875
6 0.88359375 0.56484375 0.0265625 0.0203125
8 0.88203125 0.84765625 0.0328125 0.02890625