6 0.5345486111111111 0.4491319444444445 0.06177083333333329 0.03084490740740744
14 0.14472222222222222 0.3300925925925926 0.053611111111111096 0.014930555555555535
14 0.9385069444444444 0.36105324074074074 0.05687500000000014 0.02129629629629628
7 0.5358854166666667 0.3336516203703704 0.06166666666666672 0.02615740740740744
2 0.19821180555555556 0.2782118055555555 0.05368055555555555 0.018055555555555537
2 0.8864930555555557 0.3037037037037037 0.05684027777777771 0.019733796296296367
3 0.05753472222222222 0.27065972222222223 0.05045138888888889 0.013252314814814791
5 0.9703125 0.2625 0.059375 0.01875
12 0.043784722222222225 0.3193287037037037 0.05684027777777777 0.019733796296296367
4 0.06461805555555555 0.4137731481481481 0.05371527777777778 0.019618055555555715
9 0.5346006944444445 0.24071180555555555 0.05843749999999996 0.021354166666666608
5 0.12064236111111111 0.23006365740740745 0.055208333333333304 0.01655092592592595
8 0.5298437500000001 0.7994502314814815 0.07444444444444435 0.039120370370370236