4 0.7986631944444446 0.4788657407407408 0.04729166666666664 0.026840277777777644
7 0.2923263888888889 0.43231481481481476 0.04725694444444439 0.025277777777777642
11 0.98984375 0.4625 0.0203125 0.025
0 0.9119444444444443 0.5859780092592592 0.045729166666667 0.026817129629629476
6 0.29364583333333333 0.5619791666666667 0.04569444444444439 0.025254629629629655
10 0.9438020833333333 0.4732060185185185 0.04729166666666664 0.02684027777777782
2 0.6590277777777778 0.34559027777777784 0.04725694444444439 0.025277777777777823
13 0.8634374999999999 0.3712673611111111 0.047256944444444574 0.025277777777777823
12 0.8143402777777776 0.37600694444444444 0.04569444444444457 0.025254629629629655
14 0.7132465277777778 0.3955960648148148 0.04572916666666664 0.026817129629629656
5 0.7422569444444445 0.29527777777777775 0.04569444444444457 0.025254629629629655
8 0.2994965277777778 0.9658391203703705 0.050555555555555555 0.03313657407407433
3 0.8016666666666667 0.33286458333333335 0.04572916666666664 0.026817129629629656
9 0.2924479166666667 0.332349537037037 0.04569444444444439 0.025254629629629655