11 0.8328125 0.40078125 0.0171875 0.0171875
1 0.92890625 0.4703125 0.0171875 0.0171875
12 0.67890625 0.3234375 0.0171875 0.0171875
3 0.6671875 0.2828125 0.0171875 0.0171875
2 0.54375 0.2953125 0.0171875 0.0171875
0 0.76875 0.51171875 0.0171875 0.0171875
14 0.5953125 0.3421875 0.0171875 0.0171875
7 0.21640625 0.38671875 0.0203125 0.0203125
10 0.7875 0.40546875 0.0171875 0.0171875
13 0.71953125 0.31796875 0.0171875 0.0171875
6 0.21953125 0.51875 0.01875 0.02265625
5 0.6140625 0.2484375 0.0171875 0.0171875
9 0.21640625 0.290625 0.0203125 0.0203125
4 0.67265625 0.415625 0.0171875 0.0171875
8 0.2265625 0.9359375 0.05625 0.04609375