10 0.9890625 0.35 0.021875 0.025
12 0.8098263888888889 0.27296875 0.02238425925925931 0.017326388888888822
6 0.1538078703703704 0.4966261574074074 0.03994212962962962 0.02995370370370374
0 0.9762037037037036 0.45537037037037037 0.02886574074074062 0.025185185185185154
7 0.13052662037037038 0.37020833333333336 0.03525462962962962 0.029918981481481487
4 0.8126273148148148 0.3675 0.020868055555555286 0.01887731481481474
14 0.6847858796296297 0.29890046296296297 0.02238425925925931 0.017326388888888822
13 0.8735879629629629 0.26233796296296297 0.02238425925925931 0.017326388888888912
8 0.23158564814814814 0.9062962962962964 0.0431597222222222 0.0331018518518519
3 0.7898958333333332 0.23326388888888888 0.02082175925925931 0.017314814814814828
9 0.10954861111111111 0.2687789351851852 0.020821759259259266 0.017314814814814738
5 0.7046180555555555 0.2034201388888889 0.020868055555555643 0.018877314814814826
2 0.6077314814814814 0.25649305555555557 0.02082175925925931 0.017314814814814828