12 0.6054166666666667 0.27943865740740736 0.03355324074074062 0.022106481481481487
10 0.6542997685185185 0.5311689814814814 0.03837962962962962 0.02686342592592581
11 0.7864236111111111 0.532337962962963 0.03672453703703695 0.023715277777777644
2 0.3705555555555556 0.16098958333333332 0.03359953703703704 0.02366898148148149
5 0.6468865740740741 0.04356481481481481 0.03791666666666664 0.01123842592592592
3 0.6816550925925926 0.16185185185185186 0.03180555555555564 0.01583333333333332
14 0.3731597222222222 0.3016377314814815 0.03332175925925922 0.014293981481481487
4 0.375318287037037 0.5063831018518519 0.035115740740740795 0.022129629629629655
13 0.7140335648148148 0.27861111111111114 0.03819444444444446 0.020613425925925986
1 0.8481423611111112 0.7424537037037038 0.03341435185185162 0.017418981481481487
0 0.38095486111111115 0.749375 0.059108796296296263 0.04122685185185197