12 0.6933796296296297 0.3080729166666667 0.024039351851851975 0.0209143518518518
0 0.7912673611111111 0.5081192129629629 0.022476851851851797 0.020868055555555643
4 0.6786979166666667 0.40842013888888895 0.024039351851851798 0.0209143518518518
7 0.13265625 0.3964988425925926 0.022430555555555554 0.019305555555555555
10 0.8218981481481482 0.3963715277777778 0.023993055555555642 0.019351851851851887
2 0.5325868055555556 0.28161458333333333 0.02243055555555564 0.019305555555555555
3 0.6782928240740741 0.26402777777777775 0.024039351851851975 0.0209143518518518
6 0.1393576388888889 0.5391435185185185 0.02721064814814813 0.022569444444444465
13 0.7411516203703703 0.3027546296296296 0.02243055555555564 0.019305555555555555
9 0.12500578703703705 0.28588541666666667 0.024039351851851843 0.020914351851851885
5 0.6153877314814815 0.2268634259259259 0.024039351851851798 0.0209143518518518
11 0.8760821759259259 0.38539930555555557 0.02399305555555529 0.019351851851851797
8 0.16265625 0.9646412037037038 0.044629629629629616 0.030891203703703952
14 0.5911226851851852 0.33451967592592596 0.024039351851851975 0.0209143518518518
1 0.9824999999999999 0.455619212962963 0.010069444444444287 0.023622685185185156