14 0.2454513888888889 0.31202546296296296 0.048819444444444395 0.0063773148148147385
7 0.76828125 0.34324652777777775 0.05204861111111114 0.011087962962962994
6 0.75234375 0.4626793981481482 0.053611111111111144 0.011099537037037166
3 0.1428125 0.254224537037037 0.050416666666666644 0.007951388888888822
4 0.12821180555555556 0.3838252314814815 0.0520486111111111 0.011087962962962905
2 0.31909722222222225 0.2680324074074074 0.050416666666666644 0.00795138888888891
12 0.12232638888888889 0.29704861111111114 0.048819444444444436 0.006377314814814827
5 0.2224479166666667 0.22199652777777779 0.04885416666666664 0.007939814814814827
13 0.058420138888888896 0.2895428240740741 0.048854166666666664 0.007939814814814738
9 0.7804513888888888 0.2526967592592593 0.053611111111111054 0.011099537037036988
8 0.7017361111111111 0.8412731481481484 0.06625000000000014 0.017442129629629478