2 0.76953125 0.43828125 0.0171875 0.0171875
7 0.4703125 0.49375 0.0171875 0.0171875
4 0.89296875 0.5578125 0.0171875 0.0171875
14 0.11328125 0.515625 0.0171875 0.0171875
6 0.478125 0.59921875 0.0171875 0.0171875
9 0.4640625 0.4125 0.0171875 0.0171875
12 0.9 0.47265625 0.0171875 0.0171875
3 0.0296875 0.4703125 0.0171875 0.0171875
13 0.9390625 0.46953125 0.0171875 0.0171875
8 0.50234375 0.91484375 0.0203125 0.02734375
5 0.08203125 0.4296875 0.0171875 0.0171875
5 0.83359375 0.4 0.0171875 0.01875
3 0.8859375 0.43515625 0.01640625 0.01484375
14 0.8171875 0.4859375 0.01640625 0.01484375
0 0.996875 0.65703125 0.00625 0.0109375
2 0.1578125 0.465625 0.02109375 0.01640625
4 0.040625 0.60234375 0.02109375 0.01875
12 0.0203125 0.5140625 0.02109375 0.01640625