2 0.32850694444444445 0.3629513888888889 0.05795138888888891 0.019201388888888893
0 0.12882523148148145 0.6407812500000001 0.05638888888888891 0.019166666666666644
7 0.7179918981481481 0.4027256944444445 0.057939814814814736 0.01763888888888889
10 0.05380787037037037 0.5393402777777778 0.05796296296296297 0.020763888888888714
12 0.16796296296296295 0.41885416666666664 0.05640046296296299 0.020729166666666642
9 0.7062962962962963 0.2944097222222222 0.057962962962962904 0.020763888888888894
4 0.21486689814814816 0.519357638888889 0.0564004629629629 0.020729166666666642
8 0.7715104166666666 0.8756770833333334 0.057974537037037165 0.022326388888888715
14 0.2835358796296296 0.4233159722222222 0.05795138888888891 0.019201388888888893
5 0.22184027777777776 0.3161111111111111 0.057962962962962904 0.020763888888888894
6 0.73265625 0.5320659722222223 0.054826388888889 0.01913194444444457
3 0.16833912037037035 0.36807291666666664 0.05795138888888891 0.019201388888888893
13 0.1125 0.41930555555555554 0.05171296296296295 0.02062500000000007