11 0.06532986111111112 0.40776041666666674 0.0301736111111111 0.02224537037037031
0 0.15026041666666665 0.5018460648148148 0.026979166666666644 0.019074074074073976
4 0.2725868055555556 0.41484953703703703 0.022291666666666644 0.019004629629629656
10 0.12562500000000001 0.413119212962963 0.022256944444444482 0.017442129629629478
6 0.8228819444444444 0.49031828703703706 0.022256944444444572 0.017442129629629655
7 0.811875 0.3818518518518519 0.02385416666666664 0.01902777777777782
2 0.4195833333333333 0.3126388888888889 0.02385416666666664 0.01902777777777782
8 0.8572569444444443 0.8766550925925927 0.023923611111111142 0.022152777777778
13 0.21222222222222223 0.3360300925925926 0.02385416666666664 0.01902777777777782
5 0.3336458333333333 0.278744212962963 0.022256944444444482 0.017442129629629655
3 0.2748611111111111 0.3061863425925926 0.022256944444444392 0.017442129629629655
9 0.803888888888889 0.3038194444444445 0.02385416666666664 0.01902777777777782
14 0.3618923611111111 0.35413194444444446 0.022291666666666644 0.019004629629629656
12 0.2591840277777778 0.3392418981481481 0.023819444444444393 0.017465277777777823