6 0.47109375 0.42890625 0.0296875 0.0359375
14 0.85234375 0.3109375 0.02265625 0.02109375
14 0.06484375 0.33984375 0.025 0.0265625
7 0.4640625 0.3140625 0.0296875 0.03125
2 0.796875 0.259375 0.02265625 0.025
2 0.11328125 0.28359375 0.025 0.0234375
3 0.93515625 0.25234375 0.0203125 0.0203125
5 0.0265625 0.24296875 0.0296875 0.025
12 0.9515625 0.30078125 0.025 0.025
4 0.93671875 0.39453125 0.02265625 0.025
9 0.46015625 0.22265625 0.0265625 0.0265625
5 0.8703125 0.2125 0.025 0.02265625
8 0.49609375 0.7765625 0.04140625 0.04375