11 0.07876736111111111 0.4258854166666667 0.03966435185185184 0.02357638888888882
6 0.8342476851851852 0.4726215277777778 0.03966435185185162 0.023576388888889
10 0.1372685185185185 0.4285763888888889 0.03961805555555555 0.022013888888888822
0 0.16197337962962963 0.5174363425925925 0.041180555555555554 0.022025462962962906
4 0.28271990740740743 0.42281250000000004 0.0396643518518518 0.023576388888889
7 0.8233564814814816 0.36569444444444443 0.04122685185185162 0.023587962962962904
5 0.3399652777777778 0.28335648148148146 0.041180555555555554 0.022025462962962906
9 0.814849537037037 0.283744212962963 0.04118055555555529 0.022025462962962906
14 0.36982060185185184 0.35655671296296293 0.0412268518518518 0.023587962962962904
3 0.2803761574074074 0.3173842592592592 0.041180555555555554 0.022025462962962906
13 0.22005208333333331 0.34985532407407405 0.0396643518518518 0.02357638888888882
2 0.4264699074074074 0.3163020833333333 0.0412268518518518 0.023587962962962995
12 0.2669039351851852 0.35028935185185184 0.03966435185185189 0.02357638888888891
8 0.8782349537037037 0.8597106481481482 0.04453703703703695 0.02986111111111143