10 0.6605844907407408 0.55625 0.05225694444444447 0.0421875
11 0.792980324074074 0.528125 0.04582175925925931 0.0296875
0 0.5306655092592593 0.7515625 0.04908564814814813 0.0390625
13 0.5316493055555556 0.39609375 0.04265046296296297 0.0265625
12 0.41559027777777774 0.41953125 0.04584490740740747 0.03125
14 0.1626099537037037 0.48203125 0.04584490740740739 0.03125
3 0.4096412037037037 0.334375 0.03947916666666664 0.0234375
4 0.3339930555555556 0.60703125 0.04428240740740739 0.03125
5 0.2766608796296296 0.2703125 0.04097222222222223 0.01875
2 0.03793402777777778 0.3984375 0.04584490740740741 0.03125
1 0.9890625 0.63125 0.021875 0.03125