7 0.8620601851851852 0.4425289351851852 0.028252314814814737 0.016180555555555642
0 0.2688599537037037 0.5343402777777777 0.028252314814814827 0.016180555555555642
2 0.49815393518518525 0.3689178240740741 0.02668981481481474 0.01613425925925922
3 0.3644328703703704 0.3556886574074074 0.02826388888888882 0.017743055555555554
11 0.18769675925925927 0.44297453703703704 0.02668981481481485 0.01613425925925931
10 0.23854166666666665 0.4500636574074074 0.028252314814814827 0.016180555555555642
5 0.4173900462962964 0.3314583333333333 0.028263888888888998 0.017743055555555554
14 0.4476157407407408 0.4032349537037037 0.026701388888889 0.017696759259259308
13 0.3075925925925926 0.3831597222222222 0.02826388888888891 0.017743055555555554
6 0.860474537037037 0.5449421296296297 0.028263888888888998 0.017743055555555644
9 0.8622800925925926 0.366724537037037 0.028263888888888998 0.017743055555555554
4 0.3706655092592593 0.45865162037037044 0.026701388888888823 0.017696759259259308
1 0.08728009259259259 0.49517939814814815 0.0267013888888889 0.017696759259259308
12 0.3521585648148148 0.3865277777777778 0.026689814814814826 0.01613425925925931
8 0.8588020833333333 0.8466203703703705 0.03143518518518533 0.024085648148147953