6 0.4359375 0.53984375 0.0171875 0.0171875
10 0.9515625 0.50546875 0.0171875 0.0171875
14 0.7671875 0.453125 0.0171875 0.0171875
0 0.9265625 0.5765625 0.0171875 0.0171875
7 0.4328125 0.46171875 0.0171875 0.0171875
4 0.0046875 0.5453125 0.009375 0.0125
2 0.1265625 0.44296875 0.0171875 0.0171875
8 0.453125 0.76875 0.025 0.0234375
13 0.8828125 0.4390625 0.0171875 0.0171875
12 0.84765625 0.4421875 0.0171875 0.0171875
5 0.04765625 0.41640625 0.0171875 0.0171875
9 0.42890625 0.40078125 0.0171875 0.0171875
14 0.08046875 0.48125 0.0125 0.01640625
5 0.78984375 0.390625 0.01640625 0.01015625
3 0.8390625 0.4171875 0.0234375 0.01640625
4 0.8375 0.50546875 0.02109375 0.01875
14 0.72421875 0.42109375 0.0140625 0.01484375