7 0.1921875 0.3734375 0.02109375 0.02109375
10 0.9515625 0.4578125 0.02109375 0.02109375
6 0.2 0.55625 0.02265625 0.02265625
0 0.84609375 0.60859375 0.02109375 0.0234375
5 0.79140625 0.13125 0.01875 0.0203125
9 0.18359375 0.1953125 0.02109375 0.01875
8 0.2140625 0.94453125 0.0203125 0.02265625
14 0.6984375 0.33046875 0.02109375 0.0203125
3 0.8515625 0.21015625 0.0125 0.0234375
13 0.9109375 0.2875 0.01484375 0.02109375
12 0.83984375 0.296875 0.0171875 0.0171875
2 0.6515625 0.2375 0.0125 0.0234375
4 0.7671875 0.46015625 0.01875 0.0265625