10 0.6059374999999999 0.5861689814814814 0.04248842592592581 0.039293981481481485
11 0.7785532407407407 0.5794212962962962 0.044062500000000074 0.040868055555555574
14 0.24145833333333333 0.42714120370370373 0.03459490740740741 0.028298611111111073
2 0.2383275462962963 0.32090856481481483 0.0361574074074074 0.028310185185185154
12 0.537326388888889 0.3944791666666667 0.0361574074074074 0.028310185185185154
13 0.6763425925925926 0.3871990740740741 0.03619212962962966 0.03299768518518516
3 0.6303993055555556 0.30237847222222225 0.03614583333333332 0.026747685185185156
0 0.25817708333333333 0.785630787037037 0.044050925925925986 0.03930555555555557
1 0.8649479166666666 0.7459780092592593 0.042476851851851904 0.03773148148148149
4 0.2496875 0.5888078703703703 0.03616898148148149 0.029872685185185155
5 0.5821064814814815 0.2167939814814815 0.037685185185185155 0.023634259259259237