10 0.0296875 0.4078125 0.0171875 0.0171875
4 0.17890625 0.4046875 0.0171875 0.0171875
0 0.05078125 0.48984375 0.0171875 0.0171875
7 0.7109375 0.36875 0.01875 0.0203125
12 0.17109375 0.3328125 0.0171875 0.0171875
2 0.33515625 0.3078125 0.0171875 0.0171875
14 0.27265625 0.3484375 0.0171875 0.0171875
6 0.7015625 0.46796875 0.0171875 0.02109375
3 0.1890625 0.296875 0.0171875 0.0171875
13 0.1203125 0.3296875 0.0171875 0.0171875
5 0.25390625 0.2703125 0.0171875 0.0171875
8 0.66484375 0.78828125 0.03125 0.0359375
9 0.7203125 0.2921875 0.0171875 0.0171875