12 0.6125 0.32905671296296296 0.0265625 0.020428240740740743
10 0.34765625 0.4497685185185185 0.0296875 0.03138888888888882
14 0.81875 0.41112268518518513 0.0234375 0.023530092592592665
2 0.953125 0.3288773148148148 0.0234375 0.021967592592592667
3 0.65078125 0.24752314814814813 0.034375 0.02517361111111107
5 0.784375 0.1918460648148148 0.0265625 0.014178240740740745
11 0.24296875 0.41070023148148155 0.028125 0.02200231481481474
4 0.6203125 0.5313425925925926 0.028125 0.02668981481481474
1 0.01171875 0.49921875 0.0234375 0.0265625
0 0.38125 0.676082175925926 0.0328125 0.028287037037037166
13 0.525 0.3015798611111111 0.0421875 0.03460648148148149