0 0.680960648148148 0.5570833333333333 0.028402777777777645 0.017465277777777642
14 0.5172222222222222 0.4272858796296296 0.025277777777777642 0.01741898148148131
6 0.10980902777777776 0.5525289351851852 0.028472222222222232 0.022152777777777643
11 0.7650462962962963 0.4723726851851852 0.025231481481481487 0.01429398148148131
7 0.11358796296296296 0.4556886574074074 0.030011574074074066 0.020613425925925986
5 0.5495138888888889 0.35743634259259255 0.026817129629629476 0.015879629629629653
13 0.654976851851852 0.41213541666666664 0.026840277777777644 0.017442129629629655
1 0.8564467592592593 0.5268634259259259 0.025231481481481667 0.014293981481481487
2 0.47005208333333337 0.3937673611111111 0.028402777777777645 0.017465277777777823
4 0.592181712962963 0.4838773148148148 0.02684027777777782 0.017442129629629478
3 0.6030034722222222 0.3863599537037037 0.026817129629629656 0.015879629629629653
9 0.11860532407407406 0.3807465277777778 0.025231481481481487 0.014293981481481487
12 0.6111574074074074 0.41617476851851853 0.02684027777777782 0.017442129629629655
10 0.7157118055555556 0.4794560185185185 0.026817129629629656 0.015879629629629653
8 0.0953125 0.845347222222222 0.052164351851851844 0.03968750000000014