14 0.5008506944444445 0.4005208333333333 0.05524305555555564 0.024131944444444463
0 0.673275462962963 0.5072916666666667 0.05524305555555564 0.024131944444444463
2 0.45407407407407413 0.3725983796296296 0.05524305555555564 0.024131944444444463
3 0.5828240740740741 0.34675925925925927 0.05524305555555564 0.024131944444444463
1 0.8465624999999999 0.45326967592592593 0.05524305555555529 0.024131944444444463
11 0.7541087962962963 0.4129918981481481 0.05524305555555564 0.024131944444444286
12 0.5944907407407408 0.3744212962962963 0.05524305555555564 0.024131944444444463
13 0.638425925925926 0.366550925925926 0.05524305555555564 0.024131944444444463
7 0.09729745370370371 0.48258101851851853 0.05524305555555555 0.024131944444444463
9 0.09802662037037038 0.40529513888888885 0.05524305555555555 0.024131944444444463
4 0.5790335648148147 0.4483506944444445 0.05524305555555564 0.024131944444444463
5 0.5310821759259259 0.3283854166666667 0.05524305555555564 0.024131944444444463
6 0.09828703703703703 0.5808738425925926 0.06475694444444444 0.029166666666666785
8 0.10199074074074073 0.8772858796296298 0.0728472222222222 0.038831018518518334