4 0.21953125 0.471875 0.0171875 0.0171875
7 0.71796875 0.425 0.0171875 0.0171875
11 0.01640625 0.4578125 0.0171875 0.0171875
0 0.1125 0.57890625 0.0171875 0.0171875
6 0.721875 0.553125 0.0171875 0.0171875
10 0.0765625 0.4671875 0.0171875 0.0171875
2 0.35234375 0.33984375 0.0171875 0.0171875
13 0.1515625 0.36640625 0.0171875 0.0171875
12 0.20078125 0.37109375 0.0171875 0.0171875
14 0.30078125 0.390625 0.0171875 0.0171875
5 0.26796875 0.290625 0.0171875 0.0171875
8 0.73203125 0.9515625 0.02265625 0.025
3 0.2109375 0.32890625 0.0171875 0.0171875
9 0.7140625 0.3265625 0.0171875 0.0171875