2 0.5000578703703704 0.2767650462962963 0.05855324074074062 0.01641203703703704
0 0.8209548611111112 0.451261574074074 0.05873842592592595 0.022662037037036953
7 0.062326388888888896 0.3771759259259259 0.05892361111111111 0.02891203703703704
10 0.8291550925925926 0.3592361111111111 0.05395833333333329 0.01939814814814813
6 0.08456597222222223 0.49747106481481485 0.0652662037037037 0.032222222222222284
4 0.6747395833333334 0.3718634259259259 0.05699074074074062 0.0163657407407408
9 0.04931712962962963 0.28843171296296294 0.05873842592592593 0.022662037037037043
5 0.5796643518518518 0.22907986111111106 0.059976851851851976 0.011770833333333286
11 0.8920254629629628 0.348587962962963 0.05386574074074062 0.01627314814814813
3 0.6514641203703704 0.26013888888888886 0.0554282407407408 0.016319444444444463
13 0.7257002314814816 0.2881423611111111 0.053587962962962976 0.006898148148148131
12 0.6769849537037038 0.2960821759259259 0.05372685185185198 0.011585648148148131
8 0.1614988425925926 0.9094849537037037 0.07776620370370368 0.0325925925925926