2 0.8024074074074073 0.2745486111111111 0.028680555555555643 0.019201388888888893
6 0.4409143518518519 0.47489583333333335 0.02711805555555564 0.019166666666666644
7 0.43598958333333326 0.3350694444444445 0.027164351851851974 0.020729166666666642
14 0.8628530092592592 0.3357465277777778 0.02711805555555564 0.019166666666666644
3 0.9516493055555555 0.2720138888888889 0.028726851851851976 0.020763888888888894
12 0.967974537037037 0.3216840277777778 0.027118055555555288 0.019166666666666644
4 0.9611979166666668 0.43597222222222226 0.027118055555555288 0.019166666666666644
9 0.43212962962962964 0.23118055555555558 0.02711805555555564 0.019166666666666644
8 0.4606597222222222 0.9302256944444445 0.035208333333333286 0.028715277777777715
5 0.8853703703703705 0.22501736111111112 0.02872685185185162 0.020763888888888894
2 0.036070601851851854 0.2939236111111111 0.031712962962962964 0.016145833333333304