2 0.89296875 0.3453125 0.0171875 0.0171875
6 0.57578125 0.50546875 0.0171875 0.0171875
4 0.12109375 0.4796875 0.0203125 0.0265625
12 0.10859375 0.384375 0.0171875 0.0171875
7 0.5703125 0.38359375 0.0171875 0.0171875
5 0.175 0.29609375 0.0171875 0.0171875
13 0.06484375 0.3828125 0.0171875 0.0171875
14 0.19921875 0.38984375 0.0203125 0.025
0 0.0171875 0.60234375 0.0234375 0.02109375
9 0.56640625 0.29296875 0.0171875 0.0171875
8 0.5921875 0.8984375 0.0296875 0.02890625
3 0.11953125 0.3390625 0.0171875 0.0171875
2 0.24765625 0.33671875 0.02265625 0.0171875
14 0.9484375 0.4046875 0.0234375 0.02265625
5 0.96796875 0.30625 0.01875 0.02109375