10 0.9765625 0.52734375 0.0265625 0.03125
6 0.06015625 0.73203125 0.0390625 0.05
14 0.6515625 0.45703125 0.0234375 0.02890625
0 0.93984375 0.67421875 0.02890625 0.0359375
13 0.8515625 0.40859375 0.0359375 0.03359375
4 0.7734375 0.54921875 0.02265625 0.03125
2 0.5703125 0.3953125 0.02265625 0.0265625
7 0.0546875 0.55078125 0.03359375 0.04375
12 0.7859375 0.4203125 0.02890625 0.0234375
3 0.7671875 0.3640625 0.02890625 0.0265625
5 0.678125 0.3234375 0.02890625 0.02265625
9 0.0515625 0.415625 0.0359375 0.02109375