14 0.8126215277777777 0.35681712962962964 0.028263888888888998 0.01925925925925931
12 0.9242534722222222 0.34840856481481486 0.02981481481481474 0.017743055555555554
6 0.36593171296296295 0.47402199074074075 0.02981481481481474 0.017743055555555644
4 0.9162442129629629 0.42706018518518524 0.028263888888888998 0.01925925925925931
2 0.7475057870370371 0.31817708333333333 0.02981481481481474 0.017743055555555554
9 0.34193287037037035 0.2921006944444445 0.028252314814814737 0.017696759259259308
7 0.3518865740740741 0.3705034722222222 0.028252314814814827 0.017696759259259308
13 0.979693287037037 0.3461458333333333 0.028263888888888998 0.01925925925925922
3 0.9075925925925926 0.31354745370370374 0.028252314814814737 0.017696759259259308
5 0.834693287037037 0.27858217592592593 0.02981481481481474 0.017743055555555554
8 0.4074594907407407 0.8079918981481482 0.03934027777777782 0.03833333333333329