10 0.9546875 0.46640625 0.0171875 0.0171875
6 0.2515625 0.55078125 0.0171875 0.0171875
4 0.79609375 0.47421875 0.0171875 0.0171875
0 0.92109375 0.5609375 0.0171875 0.0171875
7 0.2421875 0.44296875 0.0171875 0.0171875
9 0.2359375 0.35859375 0.0171875 0.0171875
2 0.64296875 0.3671875 0.0171875 0.0171875
14 0.703125 0.409375 0.0171875 0.0171875
12 0.81171875 0.390625 0.0171875 0.0171875
13 0.8640625 0.3859375 0.0171875 0.0171875
8 0.27734375 0.87578125 0.02265625 0.02265625
3 0.796875 0.35625 0.0171875 0.0171875
5 0.73203125 0.32578125 0.0171875 0.0171875