2 0.82421875 0.27578125 0.0171875 0.0171875
7 0.5140625 0.3234375 0.0171875 0.0171875
12 0.96640625 0.31796875 0.0171875 0.0171875
6 0.5203125 0.43046875 0.0171875 0.0171875
4 0.95234375 0.4078125 0.0171875 0.0171875
3 0.95078125 0.275 0.0171875 0.0171875
13 0.009375 0.33984375 0.01640625 0.0171875
14 0.87421875 0.32734375 0.0171875 0.0171875
9 0.5078125 0.240625 0.0171875 0.0171875
8 0.54140625 0.7546875 0.02109375 0.025
5 0.89453125 0.2375 0.0171875 0.0171875
5 0.115625 0.25390625 0.02265625 0.0140625
3 0.0640625 0.2953125 0.0203125 0.0109375
12 0.0546875 0.3390625 0.01484375 0.01640625
2 0.1953125 0.28984375 0.01484375 0.01640625
14 0.14921875 0.340625 0.01875 0.0203125
4 0.07578125 0.4265625 0.02109375 0.0203125