10 0.7761631944444444 0.3393229166666667 0.04075231481481474 0.013194444444444463
4 0.6310127314814815 0.3665798611111111 0.04075231481481474 0.013194444444444463
7 0.04130208333333333 0.40639467592592593 0.03920138888888888 0.014699074074074048
2 0.4628993055555556 0.24777199074074074 0.04075231481481474 0.013194444444444463
1 0.9546759259259259 0.38506944444444446 0.040763888888889 0.014756944444444465
11 0.8338657407407407 0.32233796296296297 0.040763888888889 0.014756944444444465
13 0.6832754629629629 0.2482060185185185 0.040763888888889 0.014756944444444465
9 0.01875 0.2828125 0.0375 0.015625
12 0.6341261574074075 0.25940393518518523 0.039201388888889 0.014699074074074048
6 0.06430555555555555 0.5579282407407408 0.03918981481481483 0.013136574074074047
14 0.5296759259259259 0.2953125 0.03918981481481474 0.013136574074074047
3 0.6150347222222223 0.21400462962962963 0.03918981481481474 0.013136574074074047
5 0.5444328703703704 0.17754629629629629 0.03918981481481474 0.013136574074074047
0 0.7575115740740741 0.45879629629629626 0.05175925925925924 0.022974537037037022