7 0.5830729166666666 0.3386631944444444 0.053263888888889 0.026979166666666644
6 0.5832581018518519 0.4691493055555556 0.053275462962962906 0.028541666666666642
14 0.14625 0.3343055555555555 0.05483796296296299 0.028576388888888894
2 0.97421875 0.30078125 0.0515625 0.0265625
12 0.0328587962962963 0.32197916666666665 0.05482638888888889 0.027013888888888893
3 0.04498263888888889 0.2709201388888889 0.05326388888888889 0.026979166666666644
8 0.5846180555555556 0.8637152777777779 0.06423611111111108 0.031909722222222214
4 0.05239004629629629 0.42703125000000003 0.05327546296296295 0.028541666666666642
9 0.5823495370370371 0.24100694444444443 0.05483796296296291 0.028576388888888894
5 0.11185185185185187 0.22645833333333334 0.05483796296296299 0.028576388888888894
2 0.20598379629629626 0.2759375 0.053275462962962906 0.028541666666666642