11 0.97484375 0.5350231481481481 0.03918981481481474 0.017743055555555644
10 0.8975925925925925 0.5452314814814814 0.037638888888889 0.01925925925925931
6 0.04802083333333333 0.6833043981481481 0.03763888888888889 0.01925925925925931
4 0.7078819444444445 0.5575752314814815 0.037638888888889 0.01925925925925931
14 0.5971469907407407 0.47618634259259257 0.03918981481481474 0.017743055555555644
0 0.8468923611111112 0.6601099537037036 0.039201388888889 0.01930555555555564
5 0.6361168981481482 0.3593981481481482 0.039201388888889 0.01930555555555564
2 0.5241030092592592 0.4216898148148148 0.03762731481481474 0.017696759259259308
7 0.01640625 0.53671875 0.0328125 0.0171875
12 0.7313136574074074 0.45204282407407403 0.03762731481481474 0.017696759259259308
3 0.7184375 0.4008912037037037 0.037638888888889 0.01925925925925931
13 0.7992071759259259 0.4439004629629629 0.03291666666666657 0.01443287037037031