6 0.3515625 0.59765625 0.0171875 0.0171875
14 0.74609375 0.46875 0.0171875 0.0171875
0 0.925 0.65859375 0.0171875 0.0171875
7 0.35625 0.47890625 0.0171875 0.0171875
10 0.96015625 0.5546875 0.0171875 0.0171875
9 0.3609375 0.38828125 0.0171875 0.0171875
2 0.6984375 0.41796875 0.0171875 0.0171875
4 0.82265625 0.5484375 0.0171875 0.0171875
12 0.840625 0.4578125 0.0171875 0.0171875
8 0.3390625 0.96171875 0.02734375 0.0296875
3 0.83203125 0.4140625 0.0171875 0.0171875
13 0.8890625 0.4546875 0.0171875 0.0171875
5 0.778125 0.3765625 0.0171875 0.0171875