14 0.7760127314814815 0.42671875000000004 0.04149305555555553 0.028726851851851976
6 0.29754050925925923 0.5793287037037038 0.038136574074074045 0.02238425925925931
4 0.8795138888888889 0.49717013888888884 0.04936342592592595 0.030520833333333285
8 0.3078414351851852 0.9208043981481481 0.04959490740740744 0.03677083333333329
5 0.8094618055555556 0.3373495370370371 0.039699074074074046 0.022430555555555554
12 0.8965277777777778 0.40750578703703705 0.03975694444444429 0.023993055555555642
3 0.8833622685185185 0.36879050925925927 0.039699074074074046 0.022430555555555554
13 0.9565104166666666 0.40103587962962967 0.038136574074074045 0.02238425925925931
9 0.29178240740740746 0.3816261574074074 0.03975694444444446 0.023993055555555552
2 0.714207175925926 0.38396990740740744 0.03819444444444446 0.02394675925925931
7 0.29499421296296297 0.4683449074074074 0.039699074074074046 0.02243055555555564