10 0.913888888888889 0.35444444444444445 0.02247685185185162 0.020763888888888894
0 0.8833506944444445 0.46286458333333336 0.020914351851851976 0.020729166666666642
11 0.9719560185185184 0.3445659722222222 0.02247685185185162 0.020763888888888894
7 0.29183449074074075 0.34796875 0.020868055555555553 0.019166666666666644
12 0.790769675925926 0.26739583333333333 0.020914351851851976 0.020729166666666642
4 0.7769386574074074 0.36529513888888887 0.020914351851851976 0.020729166666666642
9 0.291556712962963 0.2519444444444444 0.0209143518518518 0.020729166666666642
2 0.6431423611111111 0.24335069444444443 0.022476851851851977 0.020763888888888894
13 0.837025462962963 0.26090277777777776 0.020914351851851976 0.020729166666666642
6 0.2944733796296296 0.4697048611111111 0.022430555555555554 0.019201388888888893
8 0.3012152777777778 0.8482118055555556 0.027256944444444466 0.02399305555555529
14 0.6963252314814815 0.29291666666666666 0.0209143518518518 0.020729166666666642
3 0.7810590277777777 0.2262326388888889 0.020868055555555643 0.019166666666666644
5 0.7226793981481482 0.19395833333333332 0.022476851851851977 0.020763888888888894