10 0.1484375 0.49453125 0.0171875 0.0171875
11 0.06953125 0.484375 0.0171875 0.0171875
7 0.98828125 0.46875 0.0171875 0.0171875
2 0.4796875 0.36484375 0.0171875 0.0171875
5 0.3546875 0.303125 0.0171875 0.0171875
4 0.334375 0.503125 0.0171875 0.0171875
0 0.22421875 0.60625 0.0171875 0.0171875
13 0.2203125 0.3890625 0.0171875 0.0171875
3 0.2875 0.34609375 0.0171875 0.0171875
12 0.2859375 0.39609375 0.0171875 0.0171875
14 0.421875 0.41875 0.0171875 0.0171875
9 0.97890625 0.3515625 0.0171875 0.0171875
6 0.99140625 0.60234375 0.0171875 0.0171875