10 0.8892997685185187 0.4303009259259259 0.04118055555555529 0.017743055555555644
14 0.6802083333333334 0.3669039351851852 0.039571759259259306 0.01613425925925931
7 0.28467592592592594 0.42397569444444444 0.03961805555555555 0.017696759259259308
0 0.8807523148148148 0.5376793981481482 0.039571759259259306 0.01613425925925931
6 0.3027199074074074 0.5579340277777778 0.041180555555555554 0.017743055555555644
11 0.9389988425925926 0.41866319444444444 0.04113425925925931 0.016180555555555642
4 0.7699999999999999 0.4416550925925926 0.04605324074074062 0.024131944444444463
3 0.7478645833333333 0.3015625 0.039571759259259306 0.01613425925925931
13 0.8052025462962963 0.33661458333333333 0.041180555555555644 0.017743055555555554
2 0.62328125 0.3193287037037037 0.03961805555555564 0.017696759259259308
9 0.2763599537037037 0.3280439814814815 0.039571759259259306 0.01613425925925931
5 0.6890335648148149 0.26890046296296294 0.041180555555555644 0.017743055555555554
12 0.7663252314814815 0.34402199074074075 0.04113425925925931 0.016180555555555552
8 0.36138310185185185 0.9807870370370371 0.047245370370370396 0.01167824074074062