0 0.8506944444444444 0.5648032407407408 0.042604166666666644 0.014189814814814738
10 0.9203993055555555 0.4676793981481481 0.042604166666666644 0.014189814814814738
8 0.3326736111111111 0.9804282407407406 0.044166666666666646 0.014201388888889
11 0.98515625 0.46796875 0.0296875 0.0140625
3 0.8017708333333333 0.33166666666666667 0.042604166666666644 0.014189814814814738
12 0.8019791666666667 0.3761921296296296 0.04413194444444457 0.012638888888888821
5 0.7422743055555555 0.29060763888888885 0.04413194444444457 0.012638888888888821
13 0.8596701388888889 0.37115162037037036 0.04413194444444457 0.012638888888888911
2 0.63078125 0.33508680555555553 0.044166666666666646 0.014201388888888911
14 0.6796701388888888 0.39090856481481484 0.044166666666666646 0.014201388888888911
7 0.19947916666666668 0.3998495370370371 0.04416666666666669 0.014201388888888911
9 0.20975694444444448 0.29994212962962963 0.042569444444444396 0.012627314814814827
4 0.7539930555555555 0.4664467592592592 0.04413194444444457 0.012638888888889
6 0.18878472222222223 0.5161574074074073 0.048993055555555554 0.020486111111111073
8 0.15791666666666665 0.8143171296296297 0.06982638888888885 0.044074074074073974