6 0.4578125 0.4520949074074074 0.040625 0.01902777777777782
2 0.76640625 0.3129166666666666 0.0421875 0.017488425925925987
10 0.990625 0.45703125 0.01875 0.0171875
7 0.45625 0.34347800925925925 0.0421875 0.0174884259259259
14 0.81171875 0.36515046296296294 0.040625 0.017465277777777823
0 0.97265625 0.5503472222222221 0.04375 0.025324074074073978
12 0.896875 0.36172453703703705 0.040625 0.017465277777777823
9 0.45546875 0.25987268518518525 0.040625 0.017465277777777823
13 0.93828125 0.36311921296296296 0.0421875 0.019050925925925898
5 0.8359375 0.27879050925925924 0.0421875 0.019050925925925898
8 0.46171875 0.7771527777777777 0.046875 0.02849537037037031
3 0.8859375 0.31937499999999996 0.040625 0.01902777777777782
4 0.88046875 0.4450752314814815 0.0484375 0.026956018518518476
14 0.084375 0.34734375 0.0421875 0.017488425925925987
4 0.00859375 0.43203125 0.0171875 0.0203125
2 0.134375 0.2965219907407407 0.0375 0.01585648148148149
5 0.05234375 0.25546296296296295 0.0359375 0.00802083333333332