7 0.4570138888888889 0.32894675925925926 0.05207175925925931 0.027118055555555555
3 0.9725347222222223 0.2573726851851852 0.050555555555555645 0.02863425925925931
2 0.08850694444444444 0.29529513888888886 0.050555555555555555 0.02863425925925931
6 0.4580092592592592 0.4681018518518519 0.05207175925925931 0.02711805555555564
12 0.98046875 0.3078125 0.0390625 0.028125
8 0.4569097222222222 0.9060185185185186 0.06645833333333329 0.03847222222222228
14 0.8814409722222223 0.32340856481481484 0.05207175925925896 0.027118055555555555
5 0.01484375 0.24609375 0.0296875 0.0296875
4 0.97578125 0.4234375 0.0484375 0.028125
9 0.4579108796296296 0.22726851851851854 0.05050925925925931 0.02707175925925931
5 0.907957175925926 0.21549768518518517 0.050555555555555645 0.02863425925925931
2 0.8218460648148149 0.2649652777777778 0.06144675925925895 0.027395833333333286