7 0.8737152777777777 0.3032349537037037 0.02552083333333357 0.02408564814814813
6 0.8734027777777778 0.5002488425925926 0.027083333333333216 0.024131944444444463
10 0.07843750000000001 0.4339004629629629 0.0254861111111111 0.022523148148148132
2 0.3785590277777778 0.18422453703703706 0.022326388888888892 0.020868055555555553
5 0.22619791666666664 0.08241898148148148 0.022291666666666644 0.019305555555555555
0 0.1959548611111111 0.5859895833333333 0.0270486111111111 0.022569444444444288
4 0.2705902777777778 0.42664351851851856 0.023888888888888894 0.020914351851851976
9 0.8717881944444444 0.11097800925925924 0.017743055555555644 0.025416666666666643
8 0.8809201388888889 0.9088888888888889 0.028923611111111212 0.03667824074074062
12 0.18557291666666667 0.2595196759259259 0.022534722222222213 0.030243055555555554
3 0.16873263888888887 0.17011574074074073 0.020833333333333304 0.023946759259259265
13 0.11348958333333332 0.2522743055555555 0.01923611111111114 0.022337962962962976