10 0.0109375 0.509375 0.021875 0.034375
6 0.9376157407407408 0.719386574074074 0.06134259259259238 0.0578125
14 0.3369270833333333 0.43764467592592593 0.04554398148148149 0.03379629629629619
0 0.033038194444444446 0.6622395833333334 0.05185185185185186 0.04184027777777786
13 0.13103587962962965 0.3882233796296296 0.058078703703703737 0.03894675925925926
4 0.2094733796296296 0.5330150462962963 0.04399305555555557 0.03530092592592595
2 0.4216319444444444 0.37355324074074076 0.04395833333333332 0.030613425925925954
7 0.9471759259259258 0.5330439814814815 0.055034722222222145 0.04976851851851851
12 0.1991087962962963 0.3997685185185185 0.05019675925925924 0.02928240740740744
3 0.21978009259259262 0.34195601851851853 0.05177083333333332 0.03090277777777777
5 0.3132407407407407 0.29942129629629627 0.04862268518518516 0.027662037037037023
9 0.9578645833333332 0.3935474537037037 0.05641203703703681 0.02482638888888893