4 0.7931481481481482 0.4421875 0.030243055555555464 0.0171875
0 0.9054398148148148 0.5546875 0.028634259259258953 0.015625
10 0.9417708333333333 0.4359375 0.028680555555555643 0.0171875
7 0.2658564814814815 0.4140625 0.030243055555555554 0.0171875
6 0.26341435185185186 0.54921875 0.03019675925925931 0.015625
2 0.6493344907407408 0.3125 0.02863425925925931 0.015625
14 0.7064930555555555 0.3609375 0.03024305555555564 0.0171875
9 0.2688888888888889 0.31171875 0.02863425925925931 0.015625
5 0.7393287037037037 0.2546875 0.02863425925925931 0.015625
13 0.8635300925925925 0.334375 0.028634259259258953 0.015625
3 0.7998900462962963 0.29375 0.03024305555555564 0.0171875
8 0.2525925925925926 0.9671875 0.04950231481481478 0.034375