10 0.9578125 0.46484375 0.0171875 0.0171875
4 0.83125 0.45703125 0.0171875 0.0171875
2 0.05546875 0.34453125 0.0171875 0.0171875
0 0.9328125 0.571875 0.01875 0.0234375
12 0.84296875 0.36328125 0.0171875 0.0171875
7 0.38515625 0.37578125 0.0203125 0.02109375
6 0.38046875 0.49765625 0.0203125 0.02109375
3 0.83046875 0.31796875 0.0171875 0.0171875
13 0.8859375 0.3609375 0.0171875 0.0171875
9 0.38984375 0.28359375 0.0171875 0.0171875
8 0.3703125 0.8921875 0.02734375 0.02890625
5 0.7796875 0.278125 0.0171875 0.0171875
2 0.7078125 0.31953125 0.02265625 0.02109375
14 0.75625 0.37109375 0.0234375 0.025