10 0.8696469907407408 0.45953125000000006 0.046238425925925954 0.01923611111111114
11 0.923900462962963 0.45135416666666667 0.04618055555555571 0.017673611111111143
6 0.21354166666666669 0.5677083333333334 0.047800925925925955 0.019270833333333216
7 0.2143229166666667 0.41994791666666664 0.04612268518518512 0.016111111111111142
12 0.7373263888888889 0.3588541666666667 0.042881944444444285 0.012916666666666642
4 0.7318287037037037 0.46506944444444437 0.04947916666666678 0.02243055555555564
2 0.5869791666666666 0.32267361111111115 0.04293981481481488 0.014479166666666644
13 0.7883680555555556 0.3529513888888889 0.042881944444444556 0.012916666666666642
3 0.7289351851851852 0.31097222222222226 0.042881944444444466 0.012916666666666642
0 0.8440393518518519 0.5809375 0.04293981481481453 0.014479166666666644
14 0.6420138888888889 0.3778472222222222 0.046238425925925954 0.01923611111111114
9 0.21519097222222222 0.3120659722222222 0.042881944444444466 0.012916666666666642
5 0.6678819444444445 0.2705208333333333 0.042881944444444466 0.012916666666666642