7 0.35314236111111114 0.4422280092592592 0.044305555555555556 0.011215277777777644
10 0.9465046296296297 0.5255844907407408 0.04591435185185162 0.01280092592592581
4 0.8101331018518518 0.5158912037037038 0.04430555555555564 0.011215277777777644
0 0.9020254629629629 0.6035532407407407 0.044351851851851976 0.012777777777777822
14 0.7401793981481481 0.4521122685185185 0.044351851851851795 0.012777777777777822
6 0.3419097222222222 0.5314178240740741 0.04591435185185189 0.01280092592592581
2 0.01015625 0.3984375 0.0203125 0.009375
9 0.3630381944444444 0.37179976851851854 0.04586805555555555 0.011238425925925988
13 0.8825752314814814 0.44297453703703704 0.04586805555555529 0.011238425925925988
8 0.30591435185185184 0.7974594907407407 0.04917824074074071 0.017534722222222143
5 0.7782233796296296 0.38048611111111114 0.045914351851851706 0.012800925925925988
3 0.8304224537037037 0.4109490740740741 0.04435185185185162 0.012777777777777822
12 0.8380208333333332 0.44441550925925927 0.04435185185185162 0.012777777777777822
2 0.6976331018518518 0.41213541666666664 0.044212962962962975 0.008090277777777644