4 0.90390625 0.5421875 0.0171875 0.01875
6 0.4578125 0.58359375 0.01640625 0.0171875
8 0.48203125 0.86953125 0.01875 0.0203125
5 0.86171875 0.36484375 0.01875 0.01875
2 0.77421875 0.41328125 0.01875 0.0203125
12 0.93046875 0.45 0.01875 0.01875
9 0.43984375 0.3859375 0.01875 0.0171875
7 0.4484375 0.4765625 0.01875 0.0171875
2 0.0890625 0.44765625 0.0203125 0.01875
3 0.92265625 0.40546875 0.01875 0.01875
14 0.8234375 0.4640625 0.01875 0.0203125
13 0.984375 0.44609375 0.0203125 0.01875
14 0.0390625 0.5078125 0.0203125 0.01875