10 0.8230497685185185 0.4544849537037036 0.031527777777778 0.017314814814814738
2 0.524681712962963 0.35150462962962964 0.03309027777777782 0.017326388888888912
7 0.13677083333333334 0.4790856481481482 0.03150462962962965 0.01575231481481474
4 0.6873900462962963 0.4722280092592593 0.03309027777777782 0.017326388888889
14 0.5886689814814815 0.39962962962962967 0.03152777777777764 0.017314814814814828
9 0.11486111111111112 0.3711226851851852 0.033067129629629655 0.01576388888888882
11 0.8751967592592592 0.4415914351851852 0.03152777777777764 0.017314814814814738
12 0.6859201388888889 0.37300925925925926 0.03150462962962965 0.015752314814814827
5 0.5972858796296296 0.29579861111111116 0.033067129629629655 0.01576388888888882
13 0.7318865740740741 0.36475694444444445 0.03309027777777764 0.017326388888888822
3 0.6657291666666667 0.3283333333333333 0.033067129629629655 0.01576388888888882
6 0.16390046296296296 0.6230208333333334 0.03152777777777778 0.017314814814814738
1 0.990625 0.50703125 0.01875 0.0171875
0 0.8122164351851853 0.5668923611111112 0.04887731481481481 0.028379629629629477