6 0.8169560185185185 0.6309143518518519 0.024224537037036954 0.02673611111111107
7 0.8325636574074075 0.4459143518518518 0.024131944444444286 0.023611111111111072
5 0.26984375 0.17071180555555557 0.0209143518518518 0.020462962962962995
0 0.15597222222222223 0.6244560185185185 0.022569444444444465 0.02359953703703699
10 0.07303240740740741 0.4613773148148148 0.024131944444444442 0.023611111111111072
2 0.3908217592592592 0.2731481481481482 0.02082175925925931 0.017337962962962906
4 0.254837962962963 0.4814699074074074 0.025740740740740797 0.025185185185185154
9 0.8446817129629629 0.2749479166666667 0.021006944444444287 0.023587962962962995
14 0.3355787037037037 0.35943865740740744 0.021053240740740796 0.025150462962962992
12 0.2046875 0.31785300925925924 0.017789351851851886 0.020439814814814827
3 0.20230324074074074 0.23738425925925927 0.014525462962962976 0.015729166666666662
13 0.13864583333333333 0.30330439814814814 0.016458333333333332 0.028240740740740743