0 0.99296875 0.5984375 0.0140625 0.0171875
6 0.25859375 0.5765625 0.0171875 0.0171875
12 0.8703125 0.409375 0.0171875 0.0171875
7 0.25078125 0.46015625 0.0171875 0.0171875
4 0.853125 0.49765625 0.0171875 0.0171875
2 0.6828125 0.38125 0.0171875 0.0171875
14 0.7484375 0.42421875 0.0171875 0.0171875
9 0.24296875 0.37109375 0.0171875 0.0171875
5 0.78125 0.33515625 0.0171875 0.0171875
13 0.92734375 0.4015625 0.0171875 0.0171875
3 0.8546875 0.3671875 0.0171875 0.0171875
8 0.28359375 0.92890625 0.02109375 0.0265625