7 0.8507986111111112 0.3828356481481482 0.03782407407407433 0.025347222222222143
6 0.8518518518518519 0.559375 0.03784722222222214 0.026909722222222144
8 0.8554918981481482 0.9632465277777778 0.03789351851851848 0.030034722222222143
2 0.4223726851851852 0.2507349537037037 0.03311342592592581 0.02371527777777782
4 0.30972222222222223 0.44980324074074074 0.034675925925925985 0.02373842592592581
5 0.3038657407407407 0.1599363425925926 0.03780092592592599 0.02378472222222223
0 0.23907986111111112 0.584664351851852 0.037847222222222233 0.026909722222222144
10 0.15411458333333333 0.438125 0.0346759259259259 0.02373842592592581
11 0.08449074074074074 0.43084490740740744 0.03628472222222223 0.026886574074073976
14 0.37984953703703705 0.3328993055555555 0.03309027777777782 0.02215277777777782
9 0.8530439814814816 0.21806134259259258 0.030011574074074333 0.025231481481481487
3 0.24941550925925923 0.22786458333333331 0.03168981481481481 0.033067129629629655
13 0.19570023148148147 0.2926793981481482 0.0253009259259259 0.02359953703703699
12 0.25678819444444445 0.3037384259259259 0.030150462962962976 0.03460648148148149