6 0.46944444444444444 0.41958912037037044 0.07059027777777782 0.04789351851851862
14 0.07295717592592592 0.3790046296296296 0.06269675925925924 0.03672453703703704
7 0.4561863425925926 0.31141203703703707 0.06744212962962948 0.04467592592592595
2 0.7723726851851852 0.2262789351851852 0.061111111111111074 0.03355324074074071
14 0.8259375 0.27077546296296295 0.05957175925925924 0.03663194444444447
4 0.9152430555555554 0.3407696759259259 0.06270833333333314 0.03828703703703704
12 0.9198148148148148 0.2508101851851852 0.061111111111111074 0.0335532407407408
13 0.9667418981481483 0.2423900462962963 0.05954861111111143 0.033506944444444464
5 0.03125 0.2859375 0.0625 0.034375
3 0.9037268518518518 0.2083275462962963 0.061111111111111074 0.03355324074074071
5 0.8407118055555556 0.1742650462962963 0.06266203703703717 0.032037037037037044
8 0.5130150462962962 0.7588483796296297 0.06738425925925924 0.03686342592592595
2 0.11638310185185186 0.31601273148148146 0.06267361111111111 0.03359953703703704
4 0.0140625 0.47734375 0.028125 0.0421875
9 0.4450925925925926 0.22738425925925929 0.06423611111111108 0.033645833333333285