10 0.103125 0.39609375 0.0171875 0.0171875
2 0.3640625 0.2671875 0.0171875 0.0171875
6 0.71796875 0.46796875 0.0171875 0.0171875
7 0.71484375 0.34375 0.0171875 0.0171875
14 0.31484375 0.3171875 0.0171875 0.0171875
5 0.28359375 0.221875 0.0171875 0.0171875
0 0.13671875 0.4984375 0.0171875 0.0171875
3 0.22890625 0.26015625 0.0171875 0.0171875
11 0.0484375 0.39140625 0.0171875 0.0171875
12 0.2203125 0.30234375 0.0171875 0.0171875
9 0.7140625 0.2484375 0.0171875 0.0171875
4 0.2359375 0.396875 0.0171875 0.0171875
8 0.721875 0.84453125 0.02109375 0.0265625
13 0.1734375 0.29921875 0.0171875 0.0171875