12 0.7305729166666667 0.14924189814814814 0.014571759259259309 0.01729166666666666
10 0.7918229166666666 0.296412037037037 0.02744212962962962 0.02988425925925924
2 0.5431076388888889 0.0967361111111111 0.019444444444444466 0.023576388888888865
14 0.5432754629629629 0.17015625 0.016319444444444463 0.023553240740740743
4 0.5467881944444445 0.2888541666666667 0.01949074074074062 0.025138888888888822
11 0.9091030092592594 0.2924189814814815 0.024085648148147953 0.02204861111111107
13 0.8134780092592593 0.14550347222222224 0.01930555555555564 0.01888888888888891
3 0.7770717592592593 0.08250578703703704 0.017696759259259308 0.017314814814814804
5 0.7403182870370371 0.031226851851851856 0.02394675925925931 0.017361111111111115
0 0.5526099537037037 0.4614293981481481 0.017974537037036952 0.02668981481481474
9 0.10173032407407408 0.07266782407407407 0.024039351851851843 0.020486111111111115