10 0.038489583333333334 0.4139120370370371 0.027013888888888893 0.022476851851851977
0 0.07203125 0.55796875 0.025416666666666664 0.020868055555555643
7 0.8115798611111111 0.34691550925925924 0.025416666666666643 0.020868055555555553
6 0.8163194444444445 0.5206076388888888 0.025416666666666643 0.020868055555555643
2 0.3713194444444444 0.24709490740740742 0.027013888888888893 0.022476851851851887
4 0.20572916666666666 0.41652199074074076 0.027013888888888893 0.022476851851851797
14 0.3073090277777778 0.31321180555555556 0.025416666666666643 0.020868055555555553
12 0.19050347222222222 0.2925520833333333 0.025416666666666643 0.020868055555555553
9 0.8073958333333333 0.21858217592592594 0.025451388888888715 0.022430555555555554
5 0.27493055555555557 0.1871701388888889 0.025416666666666643 0.020868055555555553
13 0.13512152777777778 0.2870023148148148 0.027013888888888893 0.022476851851851887
3 0.20506944444444444 0.23513310185185182 0.027013888888888893 0.022476851851851797