10 0.8362326388888889 0.46635995370370364 0.04413194444444457 0.020567129629629477
6 0.21755208333333337 0.5426909722222222 0.04732638888888889 0.02373842592592581
0 0.7992881944444444 0.547349537037037 0.04569444444444439 0.020590277777777822
11 0.8887499999999999 0.4577719907407408 0.04572916666666664 0.022152777777777643
4 0.7033680555555556 0.47067129629629634 0.04569444444444439 0.020590277777777822
7 0.2236284722222222 0.4449768518518519 0.04572916666666664 0.02215277777777782
12 0.7252430555555556 0.4000578703703703 0.04569444444444439 0.020590277777777822
8 0.2033159722222222 0.8318692129629628 0.04583333333333339 0.026840277777777997
2 0.5788194444444444 0.3819212962962963 0.04572916666666664 0.02215277777777782
5 0.6585590277777778 0.3432523148148148 0.04572916666666664 0.02215277777777782
3 0.7157118055555556 0.3720833333333333 0.04569444444444457 0.020590277777777822
13 0.7667013888888888 0.39710069444444446 0.04413194444444457 0.020567129629629654
9 0.2284027777777778 0.3707118055555555 0.04569444444444448 0.020590277777777822
14 0.6288194444444445 0.4163252314814815 0.044166666666666646 0.022129629629629655