11 0.15309027777777778 0.4265625 0.023587962962962995 0.0203125
1 0.05326967592592593 0.5078125 0.020439814814814827 0.0171875
10 0.2030439814814815 0.4328125 0.022025462962962906 0.0203125
4 0.32958333333333334 0.4359375 0.02357638888888891 0.01875
0 0.22877893518518516 0.54453125 0.022013888888888822 0.01875
12 0.317042824074074 0.3359375 0.02356481481481474 0.0171875
7 0.8229861111111111 0.37734375 0.022025462962962906 0.0203125
3 0.3275289351851852 0.29140625 0.02200231481481483 0.0171875
14 0.40990162037037037 0.35078125 0.020439814814814737 0.0171875
2 0.4610879629629629 0.29609375 0.022025462962962906 0.0203125
6 0.8305324074074074 0.51875 0.02200231481481474 0.0171875
5 0.38331597222222225 0.2484375 0.02357638888888891 0.01875
9 0.8167418981481482 0.27109375 0.022025462962962906 0.0203125
13 0.2725347222222222 0.3328125 0.023564814814814827 0.0171875