10 0.06640625 0.3828125 0.0171875 0.0171875
14 0.3453125 0.3140625 0.0171875 0.0171875
0 0.1046875 0.48203125 0.0171875 0.0171875
4 0.2453125 0.3859375 0.0171875 0.0171875
6 0.8765625 0.4734375 0.0171875 0.0171875
7 0.87109375 0.35234375 0.0171875 0.0171875
12 0.22109375 0.2984375 0.0171875 0.0171875
2 0.409375 0.26953125 0.0171875 0.0171875
3 0.234375 0.26015625 0.0171875 0.0171875
9 0.86640625 0.2609375 0.0171875 0.0171875
13 0.1640625 0.2921875 0.0171875 0.0171875
8 0.8984375 0.8703125 0.02265625 0.025
5 0.3078125 0.2234375 0.0171875 0.0171875