6 0.5700057870370371 0.5468923611111112 0.053402777777777646 0.011354166666666643
4 0.08360532407407406 0.5264409722222222 0.053402777777777764 0.011354166666666643
14 0.16860532407407408 0.46125 0.05340277777777778 0.011354166666666643
8 0.594212962962963 0.8620833333333333 0.053449074074073975 0.014479166666666644
2 0.2203935185185185 0.4225868055555555 0.05340277777777782 0.011354166666666643
7 0.5624247685185185 0.4571875 0.053402777777777646 0.011354166666666643
5 0.9765625 0.39609375 0.046875 0.0109375
13 0.02578125 0.45546875 0.0515625 0.0109375
12 0.07162615740740741 0.4563715277777778 0.05340277777777778 0.011354166666666643
9 0.5567881944444444 0.3932291666666667 0.05340277777777782 0.011354166666666643
3 0.08522569444444443 0.4248090277777778 0.053402777777777764 0.011354166666666643
5 0.14416087962962962 0.39380208333333333 0.05184027777777778 0.011319444444444483