4 0.9085763888888888 0.46675925925925926 0.04880787037037067 0.02516203703703699
14 0.8003530092592592 0.38708333333333333 0.05349537037037031 0.025196759259259238
6 0.27129050925925924 0.5386747685185185 0.04559027777777782 0.018888888888889
7 0.27258680555555553 0.4152141203703703 0.04719907407407407 0.022025462962962906
8 0.2658738425925926 0.9114120370370371 0.05043981481481481 0.02986111111111107
9 0.2735416666666667 0.32144675925925925 0.04559027777777782 0.018888888888888823
2 0.7347916666666666 0.33912615740740737 0.048784722222222146 0.02359953703703699
5 0.8418981481481481 0.2906712962962963 0.045590277777778 0.01888888888888891
3 0.9182118055555556 0.3260474537037037 0.045590277777777646 0.01888888888888891
13 0.9859375 0.3625 0.028125 0.025
12 0.9305787037037037 0.36971064814814814 0.045590277777777646 0.01888888888888891