2 0.19140625 0.3359375 0.0171875 0.0171875
6 0.56796875 0.521875 0.01875 0.0203125
8 0.59140625 0.9046875 0.02265625 0.0265625
14 0.1390625 0.390625 0.0171875 0.0171875
7 0.56171875 0.39609375 0.0171875 0.0171875
3 0.0328125 0.3359375 0.0171875 0.0171875
4 0.04921875 0.4875 0.0203125 0.02265625
12 0.02578125 0.3828125 0.0171875 0.0171875
5 0.0984375 0.29140625 0.0171875 0.0171875
9 0.55625 0.3015625 0.0171875 0.0171875
2 0.9328125 0.3609375 0.02890625 0.01875
14 0.99609375 0.42265625 0.0078125 0.01015625