10 0.94296875 0.45546875 0.0171875 0.0171875
7 0.3046875 0.409375 0.0171875 0.0171875
0 0.9046875 0.56875 0.0171875 0.0171875
6 0.30078125 0.5359375 0.0171875 0.0171875
2 0.6671875 0.328125 0.0171875 0.0171875
4 0.7984375 0.4578125 0.0171875 0.0171875
14 0.7171875 0.378125 0.0171875 0.0171875
12 0.81796875 0.36015625 0.0171875 0.0171875
3 0.80703125 0.31484375 0.0171875 0.0171875
9 0.3078125 0.31328125 0.0171875 0.0171875
13 0.8671875 0.35546875 0.0171875 0.0171875
5 0.75 0.278125 0.0171875 0.0171875
8 0.28828125 0.9265625 0.03515625 0.03125