7 0.36328125 0.45625 0.0171875 0.0171875
10 0.953125 0.50625 0.0171875 0.0171875
4 0.81875 0.5046875 0.0171875 0.0171875
0 0.9171875 0.584375 0.0171875 0.0171875
14 0.74375 0.4453125 0.0171875 0.0171875
6 0.3609375 0.5453125 0.0171875 0.0171875
2 0.0109375 0.43515625 0.01875 0.01640625
9 0.365625 0.3875 0.0171875 0.0171875
13 0.8828125 0.42890625 0.0171875 0.0171875
8 0.3515625 0.80703125 0.0203125 0.02265625
5 0.7734375 0.37265625 0.0171875 0.0171875
3 0.828125 0.40078125 0.0171875 0.0171875
12 0.8390625 0.4328125 0.0171875 0.0171875
2 0.69765625 0.40859375 0.01640625 0.0140625