10 0.0421875 0.46484375 0.0171875 0.0171875
4 0.16875 0.45703125 0.0171875 0.0171875
2 0.94453125 0.34453125 0.0171875 0.0171875
0 0.0671875 0.571875 0.01875 0.0234375
12 0.15703125 0.36328125 0.0171875 0.0171875
7 0.61484375 0.37578125 0.0203125 0.02109375
6 0.61953125 0.49765625 0.0203125 0.02109375
3 0.16953125 0.31796875 0.0171875 0.0171875
13 0.1140625 0.3609375 0.0171875 0.0171875
9 0.61015625 0.28359375 0.0171875 0.0171875
8 0.6296875 0.8921875 0.02734375 0.02890625
5 0.2203125 0.278125 0.0171875 0.0171875
2 0.2921875 0.31953125 0.02265625 0.02109375
14 0.24375 0.37109375 0.0234375 0.025