10 0.09695023148148149 0.43133680555555554 0.02046296296296297 0.020462962962962905
4 0.2626909722222222 0.44573495370370375 0.018888888888888823 0.018888888888889
6 0.8612442129629629 0.5624016203703703 0.018900462962962904 0.02045138888888882
0 0.13364583333333332 0.5334143518518518 0.01888888888888891 0.018888888888889
11 0.02263310185185185 0.418605324074074 0.02046296296296296 0.020462962962962905
12 0.24482638888888886 0.3544560185185185 0.018900462962962904 0.02045138888888891
14 0.3629918981481482 0.38014467592592593 0.018900462962962904 0.02045138888888891
2 0.4251793981481482 0.33749421296296295 0.020451388888888998 0.018900462962962994
13 0.1853877314814815 0.34630208333333334 0.02045138888888891 0.018900462962962904
9 0.8674768518518519 0.3490625 0.018888888888889 0.01888888888888891
3 0.25938657407407406 0.3160648148148148 0.018900462962962904 0.02045138888888891
5 0.32949074074074075 0.2874189814814815 0.018888888888888823 0.018888888888888823
7 0.8642650462962962 0.44284143518518515 0.020451388888888998 0.018900462962962904
8 0.8475231481481481 0.9250231481481481 0.0393518518518519 0.0393518518518519