4 0.8239814814814814 0.4892361111111111 0.025127314814815095 0.017326388888889
14 0.7328703703703704 0.42428240740740736 0.025127314814814738 0.017326388888889
10 0.9786689814814814 0.4880902777777777 0.025127314814815095 0.017326388888889
6 0.2900405092592592 0.5517881944444445 0.02357638888888882 0.01887731481481474
0 0.9449537037037036 0.5774074074074074 0.025138888888889 0.018888888888889
7 0.28302083333333333 0.44792824074074067 0.023564814814814827 0.017314814814814738
2 0.6739756944444444 0.3840914351851852 0.025138888888889 0.01888888888888891
12 0.8397974537037036 0.4094270833333333 0.023576388888889 0.01887731481481474
9 0.27695601851851853 0.3675 0.025138888888888912 0.018888888888888823
3 0.824693287037037 0.37438078703703703 0.023576388888889 0.018877314814814826
5 0.7611805555555555 0.343599537037037 0.025127314814814738 0.017326388888888822
8 0.3127025462962963 0.8688252314814815 0.028298611111111073 0.02359953703703681
13 0.8905555555555555 0.4059259259259259 0.025127314814815095 0.017326388888888822