14 0.3952662037037037 0.41298611111111116 0.0253009259259259 0.020590277777777645
6 0.8830844907407407 0.5854861111111112 0.025277777777778 0.01902777777777782
11 0.08263310185185185 0.4613773148148148 0.02530092592592592 0.020590277777777822
10 0.15233796296296295 0.4720659722222223 0.025277777777777777 0.019027777777777644
2 0.4476967592592592 0.3653240740740741 0.02686342592592581 0.020613425925925986
0 0.21789351851851854 0.5718981481481482 0.02684027777777782 0.01905092592592581
4 0.31504629629629627 0.4837210648148148 0.02686342592592599 0.020613425925925986
12 0.27457175925925925 0.38898726851851856 0.025277777777777823 0.01902777777777782
5 0.33902777777777776 0.3091087962962963 0.02684027777777782 0.01905092592592599
8 0.897835648148148 0.895491898148148 0.025277777777778 0.019027777777777997
7 0.8774652777777778 0.46991898148148153 0.026840277777777644 0.01905092592592581
13 0.21896412037037036 0.38043402777777774 0.026863425925925898 0.020613425925925986
9 0.8727430555555555 0.36215277777777777 0.02530092592592581 0.020590277777777822
3 0.27625578703703707 0.3444212962962963 0.025300925925925987 0.020590277777777822