4 0.7693229166666666 0.44203125 0.03170138888888889 0.017326388888889
14 0.65421875 0.36083912037037036 0.03326388888888889 0.017337962962962906
10 0.9148784722222223 0.41673032407407407 0.03166666666666664 0.01576388888888882
0 0.9130902777777777 0.5472337962962962 0.03170138888888872 0.017326388888889
6 0.2193923611111111 0.6250405092592592 0.03170138888888889 0.017326388888889
7 0.18689236111111113 0.46353587962962967 0.03166666666666664 0.015763888888889
12 0.7550520833333334 0.3272743055555556 0.03322916666666664 0.015775462962962904
5 0.6578298611111111 0.24204282407407404 0.03322916666666664 0.015775462962962904
9 0.16310763888888888 0.3425983796296296 0.03322916666666664 0.015775462962962904
11 0.9746874999999999 0.40065972222222224 0.03166666666666664 0.01576388888888882
13 0.8055729166666667 0.31517939814814816 0.03166666666666664 0.01576388888888891
2 0.5835590277777778 0.31057291666666664 0.03326388888888889 0.017337962962962906
3 0.7328125 0.27586805555555555 0.03326388888888889 0.017337962962962906