4 0.9080555555555556 0.40414351851851854 0.059826388888888714 0.02047453703703699
12 0.9212673611111111 0.30171875 0.05663194444444457 0.017326388888888912
6 0.39631944444444445 0.4790162037037037 0.05506944444444439 0.017314814814814738
7 0.3859375 0.3486458333333333 0.05510416666666664 0.018877314814814826
9 0.3779166666666667 0.2526273148148148 0.05666666666666664 0.01888888888888891
3 0.9043749999999999 0.25341435185185185 0.05666666666666664 0.01888888888888891
5 0.8373263888888889 0.2125115740740741 0.05666666666666664 0.01888888888888891
8 0.42828125000000006 0.8685590277777777 0.06145833333333321 0.023611111111111072
13 0.97421875 0.29453125 0.0515625 0.0171875
14 0.8115625000000002 0.31737268518518513 0.05663194444444457 0.017326388888888822
2 0.7541145833333334 0.2662442129629629 0.05986111111111114 0.022037037037036987