11 0.2425289351851852 0.3739641203703704 0.04555555555555557 0.031469907407407405
10 0.3493923611111111 0.39582754629629635 0.04243055555555557 0.03144675925925924
13 0.5111226851851851 0.28760416666666666 0.04394675925925924 0.025208333333333322
14 0.8176967592592593 0.3470486111111111 0.04082175925925924 0.025185185185185154
12 0.5992766203703704 0.3041377314814815 0.05021990740740741 0.028379629629629654
2 0.9400115740740741 0.2867708333333333 0.04239583333333315 0.02675925925925924
4 0.6358217592592592 0.43276620370370367 0.040844907407407406 0.028310185185185334
3 0.6333043981481481 0.24529513888888888 0.04081018518518533 0.023622685185185156
1 0.01875 0.44453125 0.0375 0.0328125
5 0.7609490740740741 0.20372685185185188 0.04078703703703699 0.020497685185185154
0 0.4014409722222222 0.5407465277777778 0.05190972222222232 0.04557870370370374