6 0.08230902777777778 0.5455439814814815 0.06622685185185184 0.040891203703703735
7 0.08668402777777777 0.41893518518518513 0.06618055555555555 0.03776620370370374
9 0.0921412037037037 0.3126331018518519 0.05515046296296296 0.031435185185185156
2 0.5446006944444445 0.3170949074074074 0.05349537037037031 0.02517361111111107
12 0.7247164351851852 0.3446701388888889 0.05190972222222214 0.02359953703703699
14 0.598454861111111 0.36592013888888886 0.051886574074073974 0.022037037037036987
11 0.9242881944444445 0.41976273148148147 0.056643518518518475 0.02675925925925924
10 0.8509780092592593 0.42890046296296297 0.05829861111111114 0.03302083333333332
3 0.7216550925925926 0.29625 0.051863425925925986 0.02047453703703699
13 0.7816087962962962 0.3348726851851852 0.051886574074073974 0.022037037037036987
5 0.654681712962963 0.2584606481481481 0.05496527777777782 0.018935185185185156
4 0.6769328703703703 0.4419097222222222 0.05032407407407398 0.022025462962962906
8 0.06998263888888889 0.8737962962962962 0.06293981481481481 0.02993055555555557