4 0.16929976851851852 0.37919560185185186 0.028819444444444463 0.019502314814814792
6 0.8662037037037038 0.4689814814814815 0.03211805555555571 0.024305555555555535
7 0.8714120370370371 0.33576388888888886 0.028819444444444287 0.019502314814814792
12 0.15098379629629627 0.2848958333333333 0.027314814814814792 0.021006944444444463
2 0.3635416666666667 0.25219907407407405 0.028819444444444463 0.019502314814814882
3 0.16808449074074075 0.24105902777777777 0.028819444444444463 0.019502314814814882
14 0.2873263888888889 0.3008680555555555 0.028819444444444463 0.019502314814814882
9 0.8753761574074073 0.23214699074074074 0.028819444444444287 0.019502314814814792
13 0.08287037037037037 0.27847222222222223 0.02725694444444444 0.019444444444444466
8 0.8531828703703704 0.8968171296296298 0.04832175925925917 0.04050925925925952
5 0.2517361111111111 0.20358796296296297 0.028877314814814793 0.021064814814814793