7 0.6625289351851851 0.37109375 0.052164351851851976 0.0421875
6 0.6606018518518518 0.5046875 0.0584837962962963 0.046875
0 0.06339699074074075 0.53515625 0.048993055555555554 0.0390625
10 0.042152777777777775 0.41953125 0.04736111111111111 0.034375
14 0.26275462962962964 0.33359375 0.04414351851851848 0.028125
2 0.3167129629629629 0.284375 0.04568287037037031 0.0265625
4 0.1812037037037037 0.41875 0.04731481481481481 0.03125
9 0.6642187500000001 0.27421875 0.04894675925925931 0.0359375
12 0.17112847222222222 0.31875 0.04729166666666664 0.0296875
3 0.18223379629629627 0.27734375 0.045659722222222233 0.025
13 0.1273321759259259 0.315625 0.04726851851851852 0.028125
5 0.24021412037037035 0.2359375 0.04878472222222223 0.025
8 0.649699074074074 0.92890625 0.06468750000000015 0.04375