14 0.13484953703703703 0.4953125 0.04715277777777778 0.0125
2 0.9828125 0.42421875 0.034375 0.0109375
6 0.6015335648148149 0.58203125 0.045590277777777646 0.0125
8 0.6365914351851851 0.85234375 0.04556712962962965 0.0109375
5 0.06748842592592592 0.4015625 0.04556712962962961 0.0109375
4 0.05787615740740741 0.57578125 0.04715277777777778 0.0125
7 0.5858738425925927 0.47890625 0.04712962962962948 0.0109375
3 0.0140625 0.4453125 0.028125 0.0125
9 0.5754513888888889 0.39140625 0.04556712962962965 0.0109375
12 0.0125 0.4890625 0.025 0.0125
2 0.18329282407407405 0.4421875 0.0503703703703704 0.01875