6 0.3421875 0.5130902777777777 0.0484375 0.009513888888888999
14 0.7171875 0.36578125 0.046875 0.009502314814814828
10 0.9234375 0.4376909722222223 0.046875 0.009502314814814738
4 0.79609375 0.43941550925925926 0.0484375 0.007951388888888999
12 0.80703125 0.35105324074074074 0.0484375 0.00951388888888891
0 0.89921875 0.5378703703703703 0.0484375 0.009513888888888999
11 0.975 0.4318402777777777 0.046875 0.007939814814814738
7 0.3328125 0.3975347222222222 0.0484375 0.009513888888888822
5 0.73671875 0.2742303240740741 0.0484375 0.00795138888888891
2 0.66484375 0.31929398148148147 0.046875 0.007939814814814827
13 0.84921875 0.34839699074074076 0.0484375 0.00951388888888891
9 0.325 0.3022800925925926 0.0484375 0.00951388888888891
3 0.79375 0.3105266203703704 0.0484375 0.009513888888888822
8 0.371875 0.8691203703703703 0.0578125 0.020520833333333145