10 0.80625 0.4109375 0.0171875 0.0171875
14 0.6046875 0.3703125 0.0171875 0.0171875
6 0.23203125 0.49765625 0.0171875 0.0203125
0 0.78984375 0.48046875 0.0171875 0.0171875
8 0.26796875 0.7796875 0.02265625 0.0234375
7 0.22265625 0.4109375 0.0171875 0.0171875
2 0.553125 0.3390625 0.0171875 0.0171875
5 0.6203125 0.3046875 0.0171875 0.0171875
4 0.6859375 0.41875 0.0171875 0.0171875
12 0.68984375 0.35625 0.0171875 0.0171875
9 0.21484375 0.34296875 0.0171875 0.0171875
11 0.8515625 0.403125 0.0171875 0.0171875
3 0.67578125 0.3265625 0.0171875 0.0171875
13 0.73203125 0.3515625 0.0171875 0.0171875
1 0.9546875 0.4453125 0.0171875 0.0171875