0 0.92265625 0.5150405092592593 0.0375 0.025150462962962906
6 0.12734375 0.5146817129629631 0.0359375 0.023576388888889
7 0.1140625 0.3421238425925926 0.0375 0.023587962962962995
2 0.59609375 0.22605324074074074 0.0359375 0.02357638888888891
4 0.7765625 0.38721643518518517 0.0375 0.023587962962962995
12 0.79453125 0.26442708333333337 0.0359375 0.02357638888888882
10 0.959375 0.3788310185185185 0.0375 0.023587962962962904
5 0.6953125 0.15891203703703702 0.0359375 0.025138888888888912
13 0.85234375 0.2569675925925926 0.0359375 0.025138888888888912
9 0.10390625 0.20938657407407407 0.0375 0.025150462962962906
3 0.7734375 0.2075520833333333 0.0375 0.023587962962962904
14 0.665625 0.28803819444444445 0.0375 0.025150462962962906