4 0.90703125 0.475 0.0171875 0.0171875
14 0.8234375 0.38515625 0.0171875 0.0171875
6 0.39296875 0.51015625 0.01875 0.0203125
7 0.3984375 0.3828125 0.0171875 0.0171875
9 0.4046875 0.2859375 0.0171875 0.0171875
2 0.0140625 0.34140625 0.0171875 0.02109375
12 0.92890625 0.371875 0.0171875 0.0171875
13 0.9828125 0.371875 0.0171875 0.0171875
5 0.85703125 0.2828125 0.0171875 0.0171875
3 0.91953125 0.3265625 0.0171875 0.0171875
8 0.3765625 0.896875 0.0203125 0.0203125
2 0.76875 0.3265625 0.02109375 0.0203125