10 0.1765625 0.5125 0.0171875 0.0171875
11 0.1265625 0.5015625 0.0171875 0.0171875
4 0.30703125 0.5234375 0.0171875 0.0171875
0 0.1953125 0.628125 0.0171875 0.0171875
14 0.39375 0.44375 0.0171875 0.0171875
12 0.3015625 0.4234375 0.0171875 0.0171875
2 0.44921875 0.3953125 0.0171875 0.0171875
7 0.8078125 0.4984375 0.0171875 0.0171875
1 0.0125 0.57578125 0.0171875 0.0171875
6 0.80546875 0.6421875 0.0171875 0.0171875
13 0.25703125 0.41484375 0.0171875 0.0171875
9 0.8078125 0.3921875 0.0171875 0.0171875
3 0.31484375 0.378125 0.0171875 0.0171875
5 0.37421875 0.34140625 0.0171875 0.0171875