4 0.46484375 0.43984375 0.0171875 0.0171875
0 0.3734375 0.50234375 0.0171875 0.0171875
10 0.34453125 0.4265625 0.0171875 0.0171875
2 0.5828125 0.3609375 0.0171875 0.0171875
6 0.93046875 0.54375 0.0171875 0.0171875
9 0.93203125 0.37109375 0.0171875 0.0171875
7 0.93125 0.4453125 0.0171875 0.0171875
1 0.21015625 0.4609375 0.0171875 0.0171875
14 0.5375 0.390625 0.0171875 0.0171875
3 0.4578125 0.34375 0.0171875 0.0171875
13 0.4078125 0.36484375 0.0171875 0.0171875
12 0.4484375 0.3734375 0.0171875 0.0171875
5 0.51171875 0.3203125 0.0171875 0.0171875
11 0.2984375 0.4171875 0.0171875 0.0171875
8 0.9265625 0.8328125 0.0171875 0.0171875