6 0.854045138888889 0.5134027777777778 0.06862268518518491 0.04930555555555553
7 0.8513946759259259 0.3711805555555555 0.06512731481481496 0.03673611111111104
0 0.2623611111111111 0.517170138888889 0.05409722222222228 0.033368055555555644
14 0.44295138888888885 0.3325694444444444 0.05050925925925931 0.017673611111111143
4 0.3639236111111111 0.409375 0.050740740740740795 0.025486111111111143
2 0.4922280092592593 0.2806597222222222 0.050694444444444466 0.023923611111111142
3 0.3620775462962963 0.2679166666666667 0.050740740740740795 0.025486111111111143
12 0.35321759259259256 0.3118923611111111 0.0538657407407408 0.025555555555555554
10 0.2355671296296296 0.40440972222222216 0.054050925925925954 0.03180555555555564
9 0.8460416666666667 0.2696701388888889 0.05878472222222229 0.033472222222222216
13 0.3085706018518518 0.30897569444444445 0.04908564814814813 0.022326388888888892
11 0.18921875000000002 0.3968402777777778 0.053865740740740756 0.025555555555555554
5 0.41655092592592596 0.23309027777777777 0.05689814814814813 0.022499999999999964
1 0.09139467592592591 0.4725 0.05395833333333333 0.028680555555555643
8 0.8627372685185186 0.9650694444444443 0.06939814814814796 0.022777777777777432