10 0.11059027777777777 0.33899305555555553 0.05670138888888889 0.016180555555555552
11 0.03361111111111111 0.31797453703703704 0.056666666666666664 0.014618055555555554
0 0.12708333333333335 0.4487847222222222 0.0614583333333333 0.019444444444444466
14 0.4277430555555556 0.31169560185185186 0.060000000000000143 0.02408564814814813
2 0.5127256944444445 0.2712731481481482 0.056770833333333395 0.019305555555555555
4 0.2971180555555556 0.3710648148148148 0.0645833333333334 0.019537037037036954
8 0.9296527777777778 0.9958680555555557 0.09138888888888878 0.003576388888888715
12 0.2949131944444444 0.27184606481481477 0.058229166666666644 0.014664351851851798
3 0.3174479166666667 0.23191550925925924 0.058229166666666644 0.014664351851851887
5 0.40824652777777787 0.2072800925925926 0.05343750000000007 0.009837962962962975
13 0.2298263888888889 0.2589872685185185 0.061388888888888896 0.016319444444444463