2 0.59296875 0.35673611111111114 0.04375 0.023587962962962904
7 0.28515625 0.3942997685185185 0.04375 0.025150462962962906
10 0.82265625 0.4459375 0.0421875 0.025138888888889
0 0.8046875 0.5106481481481481 0.0421875 0.023576388888889
12 0.7203125 0.3834606481481481 0.04375 0.023587962962962904
8 0.30078125 0.7358217592592593 0.05 0.03144675925925924
6 0.2890625 0.47557870370370364 0.04375 0.023587962962962904
11 0.86484375 0.4415625 0.04375 0.023587962962962904
4 0.709375 0.4419733796296296 0.04375 0.025150462962962906
5 0.65859375 0.3330034722222222 0.0421875 0.025138888888888822
14 0.63984375 0.38989583333333333 0.04375 0.023587962962962995
13 0.7640625 0.3845659722222222 0.04375 0.025150462962962906
1 0.95703125 0.4945891203703704 0.04375 0.023587962962962904
3 0.71328125 0.35762731481481486 0.0421875 0.025138888888888822
9 0.28203125 0.33412037037037035 0.0421875 0.02357638888888882