10 0.06953125 0.41015625 0.0171875 0.0171875
11 0.003125 0.40078125 0.00625 0.02109375
0 0.09765625 0.5484375 0.0171875 0.0171875
7 0.8109375 0.36328125 0.0171875 0.0171875
6 0.8109375 0.52890625 0.0171875 0.0171875
2 0.3921875 0.2578125 0.0171875 0.0171875
4 0.2296875 0.41640625 0.0171875 0.0171875
14 0.3296875 0.31953125 0.0171875 0.0171875
12 0.21796875 0.296875 0.0171875 0.0171875
9 0.8109375 0.2390625 0.0171875 0.0171875
5 0.30234375 0.1984375 0.0171875 0.0171875
13 0.16484375 0.28984375 0.0171875 0.0171875
3 0.234375 0.2421875 0.0171875 0.0171875