0 0.9132523148148148 0.48975694444444445 0.025138888888889 0.017881944444444464
6 0.32675925925925925 0.5419560185185185 0.025138888888888822 0.017881944444444464
11 0.9850405092592591 0.36987847222222225 0.026701388888889 0.01793981481481488
14 0.7027141203703703 0.340480324074074 0.025138888888889 0.017881944444444464
7 0.3047627314814815 0.4208622685185185 0.025150462962962906 0.019444444444444466
10 0.9272974537037036 0.38139467592592596 0.025150462962962906 0.019444444444444466
4 0.7938368055555556 0.40431134259259255 0.025138888888889 0.017881944444444464
9 0.2884548611111111 0.32925347222222223 0.025150462962962992 0.019444444444444466
8 0.3974652777777778 0.9089699074074075 0.031435185185185156 0.02436342592592595
13 0.8383912037037037 0.30028935185185185 0.026701388888889 0.01793981481481479
3 0.7756539351851852 0.2705729166666667 0.025150462962962906 0.019444444444444466
5 0.7121354166666667 0.24088541666666669 0.025138888888889 0.017881944444444464
2 0.6445775462962964 0.29887152777777776 0.025150462962962906 0.019444444444444466
12 0.7923553240740742 0.30980902777777775 0.026712962962962904 0.019502314814814792