11 0.24090277777777777 0.36868055555555557 0.042916666666666624 0.033506944444444464
10 0.34180555555555553 0.39611111111111114 0.03979166666666671 0.03343749999999997
13 0.5079513888888888 0.2987152777777778 0.04121527777777771 0.027222222222222214
14 0.7983506944444445 0.3726909722222222 0.036527777777777715 0.027118055555555555
12 0.5910590277777777 0.31873263888888886 0.04600694444444446 0.032013888888888876
2 0.9220833333333334 0.32152777777777775 0.03968750000000014 0.028749999999999963
4 0.6155555555555556 0.44625000000000004 0.03819444444444446 0.03184027777777772
3 0.6289583333333333 0.26479166666666665 0.038090277777777716 0.027152777777777803
1 0.01796875 0.425 0.0359375 0.0375
5 0.7554340277777778 0.23074652777777777 0.03645833333333322 0.023993055555555552
0 0.38079861111111113 0.5389236111111112 0.0478819444444444 0.046111111111111214