6 0.6376736111111111 0.5802025462962963 0.03947916666666664 0.012754629629629477
14 0.23402777777777778 0.4690335648148148 0.04104166666666664 0.012777777777777643
0 0.05380208333333333 0.6716377314814814 0.03947916666666666 0.012754629629629654
7 0.6309722222222222 0.4600289351851852 0.04100694444444457 0.01121527777777782
10 0.01875 0.56796875 0.0375 0.0109375
9 0.6252083333333334 0.3679571759259259 0.041006944444444395 0.01121527777777782
2 0.28208333333333335 0.4152141203703704 0.03947916666666664 0.012754629629629654
4 0.15713541666666667 0.5553009259259258 0.039444444444444435 0.011192129629629477
12 0.13730902777777776 0.46343750000000006 0.03947916666666664 0.012754629629629477
8 0.6552256944444445 0.9501331018518518 0.05225694444444447 0.02543981481481481
3 0.14611111111111114 0.4187905092592593 0.03947916666666664 0.012754629629629654
13 0.088125 0.46260416666666665 0.041041666666666664 0.012777777777777822
5 0.20012152777777778 0.37815972222222227 0.03944444444444439 0.011192129629629654