6 0.5886747685185185 0.5278993055555555 0.04743055555555564 0.023888888888888894
10 0.06266203703703703 0.5317708333333333 0.045914351851851845 0.025416666666666643
14 0.24518518518518517 0.4651736111111111 0.0474768518518518 0.02545138888888889
0 0.09289351851851853 0.6022395833333334 0.04747685185185184 0.02545138888888889
7 0.5855324074074074 0.4482291666666667 0.04743055555555564 0.023888888888888894
2 0.8946469907407408 0.4061805555555556 0.04586805555555529 0.02385416666666664
8 0.5901273148148147 0.7616145833333333 0.05386574074074062 0.030277777777777716
13 0.12698495370370372 0.4599826388888889 0.04747685185185184 0.02545138888888889
12 0.16294560185185186 0.4599652777777778 0.04747685185185184 0.02545138888888889
5 0.9726273148148149 0.3731770833333333 0.04747685185185162 0.02545138888888889
9 0.5836805555555555 0.3857291666666667 0.04586805555555564 0.02385416666666664
14 0.9441493055555557 0.44104166666666667 0.04108796296296298 0.02062500000000007
5 0.21677083333333336 0.4032638888888889 0.044074074074074154 0.016006944444444393
3 0.16921296296296295 0.43402777777777785 0.052118055555555556 0.023993055555555642
4 0.178125 0.5237326388888889 0.05060185185185182 0.025520833333333215
14 0.28554976851851854 0.4290972222222223 0.04269675925925922 0.022222222222222143