5 0.3510127314814815 0.06487847222222223 0.03836805555555554 0.022256944444444437
3 0.3169849537037037 0.18140625 0.03836805555555554 0.022256944444444482
3 0.2806423611111111 0.2971006944444444 0.039988425925925955 0.02385416666666664
11 0.20413773148148148 0.5471701388888889 0.04351851851851851 0.03486111111111114
1 0.1402199074074074 0.7529513888888889 0.04050925925925926 0.03791666666666664
12 0.3915509259259259 0.3003472222222222 0.04021990740740735 0.030104166666666644
10 0.3385127314814815 0.55015625 0.04178240740740744 0.030138888888888892
2 0.6247395833333333 0.1898090277777778 0.03518518518518512 0.020624999999999984
14 0.6211805555555555 0.328125 0.03825231481481488 0.019131944444444483
4 0.6114872685185185 0.5265104166666668 0.03859953703703702 0.02850694444444457
0 0.6033854166666666 0.7663715277777777 0.04357638888888893 0.03642361111111114