14 0.925 0.36953125 0.0171875 0.0171875
2 0.86796875 0.31640625 0.0171875 0.0171875
7 0.5328125 0.35859375 0.0171875 0.0171875
6 0.5390625 0.47421875 0.0171875 0.0171875
4 0.06640625 0.46171875 0.0171875 0.0171875
9 0.5265625 0.2703125 0.0171875 0.0171875
12 0.04296875 0.36796875 0.0171875 0.0171875
3 0.05234375 0.32265625 0.0171875 0.0171875
5 0.10859375 0.27890625 0.0171875 0.0171875
8 0.559375 0.8234375 0.0203125 0.02109375
2 0.19296875 0.3203125 0.02109375 0.0203125
14 0.14375 0.3734375 0.01875 0.0203125
5 0.95 0.27265625 0.01875 0.0203125