6 0.6055555555555555 0.5513888888888889 0.021006944444444463 0.01938657407407405
14 0.2078125 0.4500578703703704 0.022569444444444465 0.019444444444444285
2 0.2572048611111111 0.41443865740740743 0.02251157407407405 0.017881944444444464
8 0.6427662037037036 0.8609375 0.02754629629629619 0.027430555555555715
5 0.1826678240740741 0.38203125 0.021006944444444463 0.01938657407407405
4 0.12884837962962964 0.5087673611111111 0.020949074074074047 0.017824074074074048
7 0.5936053240740741 0.4604456018518519 0.022569444444444465 0.019444444444444285
12 0.11461226851851851 0.4403645833333333 0.021006944444444463 0.01938657407407405
9 0.586574074074074 0.39699074074074076 0.02251157407407405 0.017881944444444464
13 0.06765046296296297 0.43628472222222225 0.02256944444444444 0.019444444444444466
3 0.12670717592592592 0.4088252314814815 0.02083333333333335 0.014699074074074048