7 0.296875 0.3265625 0.0171875 0.0171875
10 0.9109375 0.38359375 0.0171875 0.0171875
11 0.9671875 0.3796875 0.0171875 0.0171875
6 0.29453125 0.45078125 0.0171875 0.0171875
12 0.79375 0.2890625 0.0171875 0.0171875
3 0.7828125 0.2453125 0.0171875 0.0171875
0 0.8765625 0.4921875 0.0171875 0.0171875
2 0.6484375 0.2546875 0.0171875 0.0171875
14 0.6984375 0.30546875 0.0171875 0.0171875
5 0.728125 0.2078125 0.0171875 0.0171875
8 0.2890625 0.82734375 0.0203125 0.02109375
9 0.29921875 0.23515625 0.0171875 0.0171875
13 0.8390625 0.28515625 0.0171875 0.0171875
4 0.77578125 0.38359375 0.0171875 0.0171875