6 0.7396874999999999 0.5230208333333334 0.04425925925925931 0.011354166666666643
14 0.26609953703703704 0.3592708333333333 0.042743055555555645 0.012881944444444394
9 0.7323668981481481 0.26878472222222227 0.04430555555555564 0.012916666666666642
12 0.1516724537037037 0.34265625 0.04425925925925926 0.011354166666666643
0 0.05010416666666666 0.5780555555555555 0.04269675925925927 0.011319444444444571
7 0.7353298611111111 0.3798611111111111 0.042743055555555645 0.012881944444444482
4 0.17340856481481481 0.4533680555555556 0.04425925925925926 0.011354166666666643
5 0.2287847222222222 0.24664930555555556 0.04425925925925931 0.011354166666666643
10 0.0140625 0.45390625 0.028125 0.0109375
2 0.32256944444444446 0.3003298611111111 0.042743055555555555 0.012881944444444394
3 0.16179398148148147 0.29128472222222224 0.04425925925925926 0.011354166666666643
13 0.0955613425925926 0.33671875 0.04269675925925927 0.011319444444444483
8 0.7522048611111111 0.9712500000000001 0.05248842592592595 0.025590277777777715