0 0.1828125 0.534375 0.0171875 0.0171875
1 0.00546875 0.50234375 0.0109375 0.0203125
10 0.15234375 0.43359375 0.0171875 0.0171875
2 0.39375 0.31796875 0.0171875 0.0171875
11 0.10390625 0.42890625 0.0171875 0.0171875
6 0.72734375 0.5109375 0.0171875 0.0171875
7 0.7265625 0.3953125 0.0171875 0.0171875
13 0.2171875 0.34765625 0.0171875 0.0171875
9 0.72421875 0.3046875 0.0171875 0.0171875
3 0.26875 0.3109375 0.0171875 0.0171875
4 0.275 0.4359375 0.0171875 0.0171875
14 0.3484375 0.3640625 0.0171875 0.0171875
8 0.73203125 0.8671875 0.0171875 0.0171875
12 0.26015625 0.35 0.0171875 0.0171875
5 0.3203125 0.2765625 0.0171875 0.0171875