4 0.5213657407407407 0.43114583333333334 0.04582175925925931 0.025254629629629655
0 0.6117476851851851 0.49071759259259257 0.04425925925925931 0.025231481481481487
10 0.6413368055555556 0.41453125 0.045775462962962976 0.023692129629629653
2 0.40410300925925924 0.35635416666666664 0.044212962962962975 0.02366898148148149
6 0.05396990740740741 0.5505208333333333 0.04586805555555555 0.026817129629629656
9 0.054398148148148154 0.3779340277777778 0.04582175925925926 0.025254629629629655
7 0.05454282407407407 0.45211805555555556 0.04733796296296298 0.02371527777777782
1 0.7755439814814815 0.4445601851851852 0.045775462962962976 0.023692129629629653
14 0.4493402777777778 0.38457754629629626 0.04743055555555564 0.02684027777777782
3 0.5296817129629631 0.3349710648148148 0.04430555555555564 0.026793981481481488
13 0.5790798611111111 0.3545428240740741 0.04425925925925931 0.025231481481481487
12 0.5381770833333334 0.36451967592592593 0.044212962962962975 0.02366898148148149
5 0.47566550925925927 0.313125 0.045775462962962976 0.023692129629629653
11 0.6877314814814814 0.40369212962962964 0.044212962962962975 0.02366898148148149
8 0.05480324074074074 0.8386631944444446 0.044212962962962954 0.023668981481481666