7 0.5609837962962964 0.3112905092592593 0.04715277777777764 0.01902777777777782
6 0.5514699074074074 0.40754629629629624 0.04712962962962965 0.017465277777777823
2 0.9717129629629628 0.29114004629629625 0.04712962962962948 0.017465277777777823
14 0.11855324074074074 0.3014351851851852 0.04712962962962961 0.017465277777777823
12 0.01484375 0.2890625 0.0296875 0.01875
4 0.0203125 0.3640625 0.040625 0.01875
8 0.5147164351851852 0.7222222222222221 0.050416666666666644 0.028449074074073977
9 0.5684780092592593 0.23694444444444446 0.04556712962962948 0.017442129629629655
3 0.024878472222222222 0.25515625000000003 0.04715277777777778 0.01902777777777782
5 0.09471643518518519 0.22208333333333333 0.04556712962962963 0.017442129629629655
2 0.18126736111111114 0.26221643518518517 0.05032407407407406 0.022199074074074066