12 0.7515625 0.17890625 0.01171875 0.0171875
10 0.80546875 0.328125 0.02421875 0.0265625
2 0.57109375 0.11328125 0.0171875 0.01953125
14 0.5671875 0.18515625 0.0140625 0.01953125
4 0.5671875 0.303125 0.0140625 0.02421875
11 0.921875 0.33203125 0.021875 0.01953125
7 0.00859375 0.1609375 0.01171875 0.01953125
13 0.8328125 0.18125 0.0171875 0.0171875
3 0.79921875 0.11796875 0.0171875 0.0140625
5 0.765625 0.06484375 0.021875 0.0140625
0 0.56640625 0.47109375 0.0171875 0.02421875
9 0.14296875 0.05625 0.021875 0.021875