6 0.3578125 0.5046875 0.0171875 0.0171875
14 0.7140625 0.359375 0.0171875 0.0171875
10 0.9140625 0.4265625 0.0171875 0.0171875
4 0.79140625 0.42890625 0.0171875 0.0171875
12 0.80078125 0.34453125 0.0171875 0.0171875
0 0.8921875 0.521875 0.0171875 0.0171875
11 0.96328125 0.41953125 0.0171875 0.0171875
7 0.346875 0.39296875 0.0171875 0.0171875
5 0.73203125 0.27109375 0.0171875 0.0171875
2 0.6640625 0.31484375 0.0171875 0.0171875
13 0.84140625 0.34140625 0.0171875 0.0171875
9 0.33828125 0.30234375 0.0171875 0.0171875
3 0.78671875 0.3046875 0.0171875 0.0171875
8 0.3921875 0.84453125 0.02734375 0.02890625