7 0.6984375 0.37743055555555555 0.0453125 0.02112268518518512
4 0.10390625 0.4257233796296296 0.05 0.02442129629629619
6 0.68984375 0.4857060185185185 0.04375 0.019502314814814882
12 0.0953125 0.3418113425925926 0.0421875 0.017881944444444464
2 0.27890625 0.3134548611111111 0.0421875 0.019444444444444466
5 0.184375 0.27089120370370373 0.040625 0.016261574074074046
8 0.66484375 0.8386863425925926 0.0484375 0.025925925925925953
13 0.03671875 0.33807870370370374 0.040625 0.016261574074074046
3 0.11171875 0.3041377314814815 0.0421875 0.014756944444444465
9 0.7046875 0.290162037037037 0.0421875 0.014756944444444465
14 0.2140625 0.35324074074074074 0.040625 0.014699074074074048