11 0.0953125 0.47890625 0.0171875 0.0171875
6 0.87109375 0.571875 0.0234375 0.025
10 0.16171875 0.4859375 0.0171875 0.0171875
2 0.440625 0.37421875 0.0171875 0.0171875
12 0.27734375 0.403125 0.0171875 0.0171875
4 0.32890625 0.4859375 0.0171875 0.0171875
3 0.27890625 0.359375 0.0171875 0.0171875
8 0.896875 0.8703125 0.02109375 0.0234375
13 0.221875 0.396875 0.0171875 0.0171875
14 0.3921875 0.42109375 0.0171875 0.0171875
5 0.33515625 0.3234375 0.0171875 0.0171875
0 0.228125 0.5796875 0.0171875 0.0171875
9 0.8515625 0.3609375 0.01875 0.02265625
7 0.859375 0.45859375 0.0203125 0.01875