6 0.5246759259259259 0.424849537037037 0.04490740740740744 0.04106481481481481
14 0.1444675925925926 0.2899189814814815 0.03819444444444446 0.025347222222222233
14 0.9462673611111111 0.34910300925925924 0.043020833333333286 0.030104166666666644
7 0.5406481481481482 0.30747685185185186 0.04789351851851862 0.03642361111111114
2 0.2061053240740741 0.23902777777777778 0.03828703703703704 0.028472222222222232
2 0.9019328703703703 0.29041087962962964 0.041412037037036956 0.028518518518518478
3 0.06511574074074074 0.22706018518518517 0.03658564814814813 0.023761574074074067
5 0.9850752314814816 0.25169560185185186 0.02891203703703695 0.02833333333333332
12 0.04493055555555555 0.27577546296296296 0.04141203703703704 0.028518518518518478
4 0.052216435185185185 0.37249999999999994 0.03989583333333333 0.03005787037037031
9 0.5527777777777778 0.21436921296296294 0.04306712962962962 0.03166666666666664
5 0.135 0.18776041666666668 0.041319444444444464 0.02539351851851852
8 0.4696585648148148 0.7794155092592592 0.05920138888888893 0.04908564814814813