4 0.2546875 0.4765625 0.0171875 0.0171875
2 0.40390625 0.35 0.0171875 0.0171875
10 0.11796875 0.4703125 0.0171875 0.0171875
14 0.34609375 0.3984375 0.0171875 0.0171875
11 0.06015625 0.4609375 0.0171875 0.0171875
7 0.77734375 0.44375 0.0171875 0.0171875
5 0.33046875 0.2984375 0.0171875 0.0171875
3 0.265625 0.3359375 0.0171875 0.0171875
6 0.76171875 0.5796875 0.01875 0.0171875
13 0.2015625 0.375 0.0171875 0.0171875
9 0.7890625 0.3421875 0.0171875 0.0171875
12 0.25078125 0.38125 0.0171875 0.0171875
8 0.71015625 0.98515625 0.0296875 0.0296875
0 0.1359375 0.5796875 0.0203125 0.0265625