7 0.99296875 0.4671875 0.0140625 0.025
6 0.98984375 0.678125 0.0203125 0.025
2 0.49412615740740745 0.2776331018518518 0.04137731481481488 0.0209143518518518
5 0.3595775462962963 0.1636111111111111 0.04299768518518512 0.022523148148148132
0 0.2722800925925926 0.6511111111111111 0.041319444444444464 0.019351851851851797
10 0.17916666666666664 0.4758854166666667 0.039872685185185205 0.02243055555555564
13 0.23139467592592594 0.3057465277777778 0.04137731481481488 0.020914351851851885
9 0.99375 0.26796875 0.0125 0.0203125
11 0.09649884259259259 0.4562673611111111 0.04467592592592593 0.025694444444444464
3 0.29366319444444444 0.23813657407407404 0.044618055555555536 0.024131944444444463
12 0.30072337962962964 0.3234085648148148 0.03362268518518521 0.02224537037037031
14 0.44050925925925927 0.36813078703703705 0.03368055555555553 0.0238078703703704
4 0.36333912037037036 0.49695023148148143 0.0401041666666667 0.028680555555555643