7 0.5594270833333332 0.3576215277777778 0.022291666666666644 0.020567129629629654
6 0.5675 0.48668981481481477 0.022291666666666644 0.020567129629629654
14 0.12296875 0.3746006944444445 0.023819444444444438 0.01902777777777782
2 0.9506597222222222 0.3008969907407407 0.02385416666666664 0.020590277777777822
12 0.01015625 0.3671875 0.0203125 0.01875
3 0.01796875 0.3167766203703704 0.022291666666666664 0.020567129629629654
8 0.591579861111111 0.880144675925926 0.033333333333333215 0.025416666666666997
4 0.034062499999999996 0.4717534722222222 0.022256944444444437 0.019004629629629656
9 0.5530034722222222 0.25983796296296297 0.023819444444444393 0.01902777777777782
5 0.08232638888888888 0.26927662037037037 0.023819444444444438 0.01902777777777782
2 0.17902777777777779 0.3136921296296296 0.022291666666666644 0.020567129629629654