10 0.1703125 0.48046875 0.0171875 0.0171875
6 0.77265625 0.5578125 0.01875 0.0203125
0 0.203125 0.56015625 0.0171875 0.0171875
11 0.11953125 0.47265625 0.0171875 0.0171875
4 0.29921875 0.4859375 0.0171875 0.0171875
7 0.7703125 0.46171875 0.0171875 0.0171875
12 0.28125 0.4171875 0.0171875 0.0171875
8 0.77421875 0.8390625 0.0203125 0.02265625
1 0.0140625 0.5296875 0.0171875 0.0171875
2 0.42421875 0.39921875 0.0171875 0.0171875
5 0.3484375 0.3609375 0.0171875 0.0171875
3 0.2921875 0.3890625 0.0171875 0.0171875
13 0.240625 0.4140625 0.0171875 0.0171875
9 0.76796875 0.3890625 0.0171875 0.0171875
14 0.375 0.4328125 0.0171875 0.0171875