11 0.767025462962963 0.4608680555555555 0.017326388888889 0.01913194444444457
10 0.7177314814814816 0.46993055555555563 0.018888888888889 0.019166666666666644
0 0.6835532407407408 0.5480902777777777 0.017326388888889 0.019131944444444392
4 0.589542824074074 0.47567708333333336 0.018888888888889 0.019166666666666644
6 0.0982523148148148 0.5546180555555555 0.01888888888888889 0.019166666666666644
2 0.4651851851851852 0.3861805555555556 0.018888888888888823 0.019166666666666644
14 0.5141608796296296 0.42008680555555555 0.01887731481481474 0.017604166666666643
1 0.8611921296296297 0.5121875 0.017314814814814738 0.017569444444444395
9 0.10347222222222223 0.37736111111111115 0.017314814814814828 0.017569444444444395
12 0.6088194444444445 0.40499999999999997 0.017314814814814738 0.017569444444444395
13 0.6526099537037038 0.40050347222222227 0.01887731481481474 0.017604166666666643
5 0.5443807870370371 0.34887152777777775 0.018888888888889 0.019166666666666644
3 0.5996643518518519 0.3751041666666667 0.01887731481481474 0.017604166666666643
7 0.10054976851851852 0.45543402777777775 0.018877314814814826 0.017604166666666643
8 0.09368055555555554 0.8553472222222223 0.018923611111111117 0.02385416666666664