10 0.128125 0.4515625 0.0171875 0.0171875
14 0.33515625 0.3859375 0.0171875 0.0171875
7 0.7265625 0.4375 0.0171875 0.0171875
0 0.13828125 0.5578125 0.0171875 0.0171875
6 0.7109375 0.57109375 0.0171875 0.0171875
11 0.078125 0.43984375 0.0171875 0.0171875
4 0.24609375 0.4609375 0.0234375 0.0265625
3 0.26640625 0.321875 0.0171875 0.0171875
13 0.21015625 0.35703125 0.0171875 0.0171875
2 0.390625 0.3390625 0.0171875 0.0171875
9 0.73515625 0.3421875 0.0171875 0.0171875
5 0.32421875 0.2890625 0.0171875 0.0171875
12 0.2484375 0.3640625 0.0171875 0.0171875
8 0.6578125 0.9921875 0.0265625 0.01484375