6 0.6478703703703704 0.43590856481481477 0.03157407407407398 0.021180555555555536
4 0.09925925925925926 0.3625289351851852 0.02842592592592592 0.019502314814814882
14 0.207962962962963 0.2983796296296296 0.028425925925925986 0.019502314814814792
7 0.6665972222222223 0.33136574074074077 0.030011574074073975 0.02112268518518521
12 0.1004513888888889 0.2820601851851852 0.0284259259259259 0.019502314814814882
8 0.5843576388888889 0.7701099537037036 0.03633101851851848 0.026041666666666786
13 0.04507523148148148 0.2778645833333333 0.02842592592592592 0.019502314814814882
5 0.1927488425925926 0.2185185185185185 0.0284259259259259 0.019502314814814792
2 0.2772453703703704 0.2598958333333333 0.028425925925925986 0.019502314814814882
9 0.6826446759259259 0.24956597222222224 0.02842592592592581 0.019502314814814882
3 0.11890624999999999 0.24858217592592596 0.0284259259259259 0.019502314814814882