10 0.7484895833333333 0.43637152777777777 0.02850694444444457 0.019166666666666644
4 0.6318402777777777 0.4447222222222223 0.02694444444444457 0.01913194444444457
0 0.7190277777777778 0.531076388888889 0.02694444444444457 0.01913194444444457
6 0.18678819444444444 0.5286284722222222 0.02850694444444448 0.019166666666666644
9 0.19298611111111114 0.3200694444444444 0.028541666666666642 0.020729166666666642
12 0.6470138888888889 0.35986111111111113 0.028541666666666642 0.020729166666666642
7 0.19024305555555557 0.4083333333333334 0.026944444444444483 0.01913194444444457
2 0.5171527777777778 0.32961805555555557 0.02694444444444457 0.019131944444444392
13 0.6885243055555555 0.35609375 0.026979166666666644 0.020694444444444394
5 0.5899652777777777 0.2890277777777778 0.026944444444444392 0.019131944444444392
3 0.6392534722222222 0.32217013888888885 0.026979166666666644 0.020694444444444394
14 0.5622048611111111 0.3775173611111111 0.02850694444444457 0.019166666666666644
1 0.883125 0.49798611111111113 0.028541666666666642 0.020729166666666642
8 0.18125 0.8833680555555556 0.03656250000000001 0.030277777777777716
11 0.7946701388888889 0.4334895833333333 0.03159722222222232 0.017673611111111143