8 0.17530092592592594 0.9450810185185186 0.05859953703703704 0.024224537037036954
7 0.20535300925925926 0.32667824074074076 0.05368055555555555 0.01627314814814813
6 0.19625578703703703 0.5281481481481481 0.055335648148148134 0.019444444444444466
2 0.7133969907407407 0.22835069444444445 0.05377314814814813 0.01939814814814813
13 0.98125 0.3078125 0.0375 0.01875
5 0.8743113425925927 0.12833912037037037 0.05216435185185162 0.017789351851851886
0 0.8862384259259258 0.6494618055555555 0.05538194444444429 0.021006944444444463
4 0.816903935185185 0.48241898148148155 0.05538194444444429 0.021006944444444287
12 0.9102777777777777 0.3131597222222222 0.050601851851851974 0.017743055555555554
9 0.21196759259259262 0.1298263888888889 0.0506018518518518 0.017743055555555554
14 0.7564351851851852 0.3328414351851852 0.05372685185185198 0.017835648148148132
3 0.9333680555555557 0.2200115740740741 0.05386574074074062 0.022523148148148132