12 0.7033680555555556 0.33798611111111115 0.04871527777777782 0.015775462962962904
0 0.8031712962962964 0.5363599537037038 0.04871527777777764 0.015775462962962904
4 0.6915219907407407 0.43476273148148153 0.04873842592592599 0.017337962962962906
7 0.16285300925925927 0.39413194444444444 0.0471759259259259 0.017326388888888912
10 0.8289525462962963 0.43109374999999994 0.047152777777778 0.015763888888889
2 0.5466435185185186 0.3047974537037037 0.04873842592592599 0.017337962962962992
3 0.6863252314814815 0.29489583333333336 0.04871527777777764 0.015775462962962904
6 0.17427662037037037 0.5324826388888889 0.05034722222222223 0.02047453703703699
13 0.7494155092592593 0.3352025462962963 0.04715277777777782 0.01576388888888891
9 0.15345486111111112 0.28704282407407405 0.0471759259259259 0.017326388888888912
5 0.6263715277777777 0.25539351851851855 0.04871527777777764 0.015775462962962904
11 0.8811689814814816 0.4228877314814815 0.04717592592592581 0.017326388888888822
8 0.20777777777777776 0.9483101851851853 0.0676967592592593 0.0315393518518519
14 0.6044502314814815 0.35756365740740736 0.04873842592592599 0.017337962962962906
1 0.98515625 0.49921875 0.0296875 0.0203125