11 0.17218171296296297 0.3935416666666667 0.036238425925925945 0.023888888888888894
1 0.07005208333333332 0.45843749999999994 0.03467592592592594 0.02385416666666664
12 0.33439814814814817 0.3252951388888889 0.03621527777777782 0.022326388888888892
3 0.3486284722222222 0.28421875 0.03621527777777782 0.022326388888888892
2 0.47550347222222217 0.308125 0.034652777777777644 0.022291666666666644
0 0.23409722222222218 0.5136284722222222 0.034652777777777824 0.022291666666666644
14 0.4199131944444444 0.35140625000000003 0.03467592592592581 0.02385416666666664
7 0.8099710648148148 0.42723958333333334 0.03936342592592581 0.023958333333333394
10 0.21839120370370368 0.4023784722222222 0.036238425925925986 0.023888888888888894
13 0.2921064814814815 0.3173263888888889 0.03621527777777782 0.022326388888888892
6 0.8010474537037038 0.5629340277777778 0.03628472222222214 0.027013888888888893
5 0.40441550925925923 0.25421875 0.03621527777777782 0.022326388888888892
9 0.8131770833333334 0.32734375 0.03936342592592581 0.023958333333333304
4 0.33661458333333333 0.4221875 0.036238425925925896 0.023888888888888894
8 0.77734375 0.98203125 0.0765625 0.0359375