11 0.17731481481481484 0.3951851851851852 0.05225694444444447 0.009930555555555642
1 0.07994791666666667 0.4692418981481481 0.05063657407407409 0.00832175925925931
12 0.3354166666666667 0.31385416666666666 0.05225694444444447 0.009930555555555554
3 0.3471354166666667 0.2712731481481482 0.05225694444444447 0.009930555555555554
2 0.4750578703703704 0.28312499999999996 0.05063657407407405 0.00832175925925931
0 0.24646990740740743 0.5096701388888889 0.05063657407407405 0.00832175925925931
14 0.4221064814814815 0.3316203703703704 0.050694444444444466 0.00988425925925931
7 0.8147280092592591 0.3739525462962963 0.055497685185185476 0.013148148148148131
10 0.22442129629629629 0.40004629629629634 0.05219907407407405 0.008368055555555642
13 0.2929976851851852 0.30885416666666665 0.05219907407407405 0.008368055555555554
6 0.8142939814814815 0.5100520833333333 0.05248842592592595 0.016180555555555642
5 0.4013599537037037 0.23603587962962963 0.05219907407407405 0.008368055555555554
9 0.8133969907407408 0.27466435185185184 0.055439814814814525 0.011585648148148131
4 0.3436342592592593 0.40902777777777777 0.05225694444444447 0.009930555555555642
8 0.8162037037037037 0.94171875 0.0940393518518519 0.04238425925925924