10 0.0546875 0.4671875 0.0171875 0.0171875
6 0.70234375 0.5484375 0.0171875 0.02109375
7 0.69765625 0.4203125 0.01875 0.02109375
0 0.09140625 0.57890625 0.02109375 0.0234375
14 0.2796875 0.3890625 0.0171875 0.0171875
2 0.3328125 0.3375 0.0171875 0.0171875
12 0.18125 0.3703125 0.0171875 0.0171875
13 0.13125 0.365625 0.0171875 0.0171875
4 0.2 0.46953125 0.0171875 0.0171875
3 0.18984375 0.32734375 0.0171875 0.0171875
5 0.24765625 0.2875 0.0171875 0.0171875
8 0.7125 0.9421875 0.0375 0.03515625
9 0.69453125 0.32265625 0.0171875 0.0171875