0 0.84375 0.49453125 0.0171875 0.0171875
7 0.1890625 0.40234375 0.0171875 0.0171875
10 0.87421875 0.4046875 0.0171875 0.0171875
11 0.9390625 0.396875 0.0171875 0.0171875
5 0.66875 0.28046875 0.0171875 0.0171875
3 0.73125 0.30625 0.0171875 0.0171875
2 0.5828125 0.31953125 0.0171875 0.0171875
4 0.72578125 0.4171875 0.0171875 0.0171875
6 0.18515625 0.50625 0.0171875 0.0171875
8 0.1765625 0.846875 0.02890625 0.02734375
13 0.79609375 0.3328125 0.0171875 0.0171875
12 0.7453125 0.3390625 0.0171875 0.0171875
14 0.63671875 0.35625 0.0171875 0.0171875
9 0.19140625 0.3234375 0.0171875 0.0171875