0 0.15107060185185187 0.45765625 0.02982638888888891 0.01604166666666664
7 0.8411574074074075 0.3696527777777778 0.029826388888889 0.01604166666666664
10 0.12223958333333332 0.36296875 0.02982638888888891 0.01604166666666664
11 0.05419560185185185 0.35432291666666665 0.02982638888888889 0.01604166666666664
5 0.34086226851851853 0.23543402777777778 0.029826388888888822 0.01604166666666664
3 0.2746412037037037 0.2619097222222222 0.029826388888888822 0.01604166666666664
2 0.4302488425925926 0.2772048611111111 0.029826388888888822 0.01604166666666664
4 0.27784143518518517 0.3774826388888889 0.02982638888888891 0.01604166666666664
6 0.8419675925925926 0.4790277777777778 0.029826388888889 0.01604166666666664
8 0.8414872685185184 0.8361284722222223 0.04241898148148167 0.028819444444444287
13 0.20607638888888888 0.2884375 0.02982638888888891 0.01604166666666664
12 0.2600462962962963 0.2958333333333333 0.02982638888888891 0.01604166666666664
14 0.3727083333333333 0.31520833333333337 0.02982638888888891 0.01604166666666664
9 0.8413194444444445 0.28604166666666664 0.029826388888889 0.01604166666666664