2 0.0976099537037037 0.31876157407407407 0.052164351851851844 0.017337962962962906
6 0.40478587962962964 0.500763888888889 0.0506018518518518 0.017326388888889
4 0.8657928240740741 0.5018344907407407 0.05552083333333328 0.02517361111111107
12 0.8858275462962963 0.4058680555555556 0.05211805555555564 0.015775462962962904
7 0.4201620370370371 0.37741319444444443 0.052164351851851976 0.017337962962962906
5 0.8268402777777778 0.31322337962962965 0.05211805555555564 0.015775462962962995
13 0.9303125000000001 0.40776041666666674 0.05060185185185162 0.017326388888889
14 0.7943749999999999 0.4067534722222222 0.05391203703703695 0.023599537037037165
0 0.9603877314814815 0.6322511574074074 0.056944444444444284 0.020497685185185154
9 0.4314409722222223 0.28685185185185186 0.050555555555555645 0.01576388888888882
8 0.35552662037037036 0.8973611111111112 0.06494212962962961 0.026805555555555572
3 0.8801620370370371 0.3597222222222222 0.050601851851851974 0.017326388888888912
2 0.7499479166666667 0.3501620370370371 0.05528935185185198 0.01736111111111107
14 0.03730324074074075 0.3761400462962963 0.05855324074074074 0.02207175925925924
5 0.025 0.27421875 0.05 0.0203125