14 0.21733796296296298 0.3128240740740741 0.03936342592592599 0.016226851851851798
10 0.015625 0.3671875 0.03125 0.015625
2 0.2719039351851852 0.2698900462962963 0.03936342592592599 0.016226851851851798
6 0.561255787037037 0.4699537037037037 0.03936342592592581 0.016226851851851798
0 0.027500000000000004 0.4650810185185185 0.03936342592592592 0.016226851851851798
7 0.5793055555555556 0.3595023148148148 0.03936342592592581 0.016226851851851798
4 0.13744791666666667 0.37689236111111113 0.0393634259259259 0.016226851851851888
12 0.1348148148148148 0.29083912037037035 0.0393634259259259 0.016226851851851798
3 0.15105324074074072 0.24989583333333334 0.0393634259259259 0.016226851851851798
13 0.09430555555555556 0.2818229166666667 0.03936342592592594 0.016226851851851798
5 0.2069618055555556 0.22185185185185183 0.03936342592592599 0.016226851851851798
8 0.5055671296296296 0.7996990740740741 0.04106481481481481 0.025648148148148132
9 0.5946064814814814 0.27632523148148147 0.03936342592592581 0.016226851851851798
2 0.9158622685185186 0.3804166666666666 0.04712962962962948 0.013333333333333286
14 0.9579050925925927 0.4441898148148148 0.05032407407407433 0.018113425925925953