11 0.8917476851851852 0.40531249999999996 0.019027777777777644 0.01902777777777782
14 0.6179456018518519 0.3239293981481482 0.01902777777777782 0.01902777777777782
10 0.8395081018518518 0.4115682870370371 0.019027777777777997 0.019027777777777644
1 0.9971990740740739 0.4897222222222222 0.005601851851852047 0.018935185185185156
12 0.7161631944444444 0.31054398148148155 0.01902777777777782 0.01902777777777782
4 0.7059953703703703 0.41505787037037034 0.019027777777777644 0.01902777777777782
0 0.815486111111111 0.5299363425925926 0.019027777777777997 0.01902777777777782
3 0.7029687499999999 0.26348379629629626 0.019027777777777644 0.01902777777777782
2 0.5640451388888889 0.27079861111111114 0.01902777777777782 0.01902777777777782
6 0.18719907407407407 0.509693287037037 0.022199074074074066 0.022199074074073975
13 0.7605902777777778 0.3041724537037037 0.01902777777777782 0.01902777777777782
7 0.18890625 0.36131365740740745 0.0206134259259259 0.020613425925925986
5 0.6453240740740741 0.22123263888888892 0.01902777777777782 0.01902777777777782
9 0.19035300925925927 0.2480787037037037 0.019027777777777775 0.01902777777777782
8 0.1864236111111111 0.9845775462962963 0.02835648148148149 0.01604166666666664