4 0.7286458333333333 0.49771990740740735 0.03194444444444446 0.020451388888888998
2 0.5906828703703704 0.36150462962962965 0.03200231481481488 0.02201388888888891
10 0.8661168981481481 0.499519675925926 0.03194444444444429 0.020451388888888998
14 0.6434606481481481 0.4134722222222223 0.03194444444444429 0.020451388888888998
11 0.9257233796296298 0.4937094907407408 0.033506944444444284 0.020462962962962905
7 0.20668402777777778 0.43289930555555556 0.03194444444444446 0.020451388888888998
5 0.6682291666666667 0.31440972222222224 0.03200231481481488 0.02201388888888891
3 0.730005787037037 0.3555034722222222 0.03200231481481488 0.022013888888888822
6 0.2101851851851852 0.570462962962963 0.03356481481481488 0.022025462962962906
13 0.790943287037037 0.39815393518518516 0.03200231481481488 0.02201388888888891
9 0.203443287037037 0.33050347222222226 0.03200231481481488 0.022013888888888822
12 0.7407986111111111 0.4016898148148148 0.03356481481481488 0.022025462962962906
8 0.22554976851851852 0.9785011574074073 0.04467592592592595 0.026793981481481665
0 0.8386574074074075 0.6079398148148148 0.033912037037037025 0.03140046296296291