6 0.28653935185185186 0.5516608796296296 0.044351851851851795 0.022199074074073975
7 0.2812847222222222 0.3743171296296296 0.04283564814814813 0.02373842592592599
2 0.7073900462962962 0.2861400462962963 0.042789351851851974 0.022175925925925988
0 0.9183854166666666 0.6601967592592592 0.04444444444444429 0.025324074074073978
8 0.2929224537037037 0.951579861111111 0.05092592592592595 0.03322916666666664
5 0.8345312499999998 0.20212384259259258 0.04756944444444429 0.025370370370370397
0 0.99375 0.5203125 0.0125 0.021875
14 0.757662037037037 0.3751273148148148 0.04439814814814813 0.023761574074074067
4 0.8310358796296295 0.5058449074074074 0.04435185185185162 0.022199074074073975
9 0.2772048611111111 0.2102662037037037 0.037962962962962976 0.017418981481481487
3 0.8953703703703703 0.27877314814814813 0.039849537037036954 0.028379629629629654
13 0.9562094907407406 0.35542245370370373 0.03810185185185162 0.022106481481481487
12 0.8890914351851851 0.35677083333333337 0.03805555555555529 0.02054398148148149