10 0.24296875 0.42265625 0.0171875 0.0171875
4 0.35546875 0.4328125 0.0171875 0.0171875
0 0.26953125 0.5140625 0.0171875 0.0171875
6 0.784375 0.5234375 0.0171875 0.0171875
9 0.7828125 0.321875 0.0171875 0.0171875
12 0.3421875 0.35078125 0.0171875 0.0171875
7 0.78359375 0.40703125 0.0171875 0.0171875
2 0.46953125 0.3234375 0.0171875 0.0171875
13 0.30234375 0.3453125 0.0171875 0.0171875
5 0.39921875 0.2828125 0.0171875 0.0171875
3 0.3515625 0.3140625 0.0171875 0.0171875
14 0.42421875 0.36953125 0.0171875 0.0171875
1 0.11171875 0.47890625 0.0171875 0.0171875
8 0.78203125 0.8671875 0.0265625 0.02734375
11 0.1984375 0.41796875 0.02109375 0.01640625