6 0.3920138888888889 0.54375 0.027314814814814792 0.01875
7 0.37659143518518523 0.44375 0.027314814814814882 0.01875
2 0.7441261574074074 0.36875 0.027314814814814882 0.01875
12 0.9072048611111111 0.384375 0.027314814814814882 0.01875
9 0.3651331018518519 0.36640625 0.027314814814814792 0.01875
3 0.8927372685185185 0.35234375 0.027314814814814882 0.01875
4 0.8984664351851851 0.46484375 0.027314814814814525 0.01875
13 0.9578125 0.3796875 0.027314814814814882 0.01875
5 0.8252025462962962 0.321875 0.027314814814814525 0.01875
8 0.43981481481481477 0.84296875 0.033912037037037025 0.028125
14 0.8048321759259259 0.4046875 0.027314814814814882 0.01875