10 0.9495138888888889 0.464681712962963 0.028576388888888714 0.022152777777777643
6 0.2687673611111111 0.5224074074074074 0.02864583333333339 0.025277777777777823
7 0.28421874999999996 0.38940972222222225 0.030208333333333393 0.025300925925925987
0 0.9032465277777778 0.5786111111111112 0.03340277777777771 0.028472222222222142
14 0.7211631944444444 0.37278356481481484 0.030138888888888892 0.022175925925925988
2 0.6700520833333333 0.31809027777777776 0.028576388888888894 0.02215277777777782
12 0.8253819444444443 0.35718171296296297 0.030104166666666644 0.020613425925925986
13 0.8785416666666667 0.354832175925926 0.028541666666666642 0.020590277777777822
4 0.7980902777777777 0.4606770833333334 0.028576388888888894 0.022152777777777643
3 0.8193402777777777 0.31275462962962963 0.030138888888888715 0.022175925925925988
5 0.7625173611111111 0.2690798611111111 0.028541666666666642 0.020590277777777822
8 0.2276041666666667 0.9338194444444443 0.04930555555555553 0.04120370370370381
9 0.29506944444444444 0.2877199074074074 0.030138888888888892 0.022175925925925898