7 0.2296875 0.3109375 0.01875 0.0171875
8 0.2484375 0.90078125 0.02890625 0.0234375
6 0.2359375 0.503125 0.02109375 0.02109375
0 0.9046875 0.56796875 0.02109375 0.02265625
5 0.853125 0.0703125 0.0171875 0.01875
14 0.7546875 0.27578125 0.0203125 0.02109375
13 0.97578125 0.2328125 0.01875 0.0203125
4 0.8234375 0.4109375 0.02265625 0.02265625
2 0.70625 0.17890625 0.01875 0.01875
9 0.2203125 0.1234375 0.01640625 0.02265625
3 0.915625 0.153125 0.0171875 0.02890625
12 0.9015625 0.24296875 0.01484375 0.025