4 0.8415567129629629 0.4919444444444444 0.025555555555555286 0.01905092592592581
14 0.74375 0.43270833333333336 0.025555555555555644 0.01905092592592599
10 0.990625 0.4796875 0.01875 0.01875
6 0.31733796296296296 0.5896006944444444 0.023993055555555552 0.01902777777777782
0 0.972019675925926 0.5727488425925926 0.025555555555555644 0.01905092592592599
7 0.2994386574074074 0.48625578703703703 0.024039351851851888 0.020590277777777822
2 0.6802083333333334 0.39662615740740736 0.025601851851851976 0.020613425925925986
12 0.8485474537037037 0.41161458333333334 0.023993055555555642 0.01902777777777782
9 0.2845543981481481 0.4056018518518519 0.0256018518518518 0.02061342592592581
3 0.8295601851851853 0.3769733796296296 0.02403935185185162 0.020590277777777822
5 0.7631712962962963 0.3502199074074074 0.025555555555555644 0.019050925925925898
8 0.37427662037037035 0.903587962962963 0.02886574074074071 0.025347222222222143
13 0.8990972222222222 0.40455439814814814 0.025601851851851976 0.020613425925925986