0 0.8317824074074075 0.5392708333333334 0.044305555555555286 0.017303240740740834
10 0.8632175925925927 0.43979745370370366 0.04582175925925931 0.01575231481481474
2 0.6220370370370369 0.317337962962963 0.047384259259259306 0.01576388888888882
11 0.9115624999999999 0.43631365740740746 0.04582175925925931 0.01575231481481474
6 0.2875636574074074 0.5011053240740742 0.045775462962962976 0.014189814814814738
7 0.2888252314814815 0.38544560185185184 0.044212962962962975 0.014178240740740745
13 0.7988831018518517 0.35197337962962966 0.04425925925925931 0.015740740740740743
9 0.29160879629629627 0.29478009259259264 0.04582175925925931 0.01575231481481474
3 0.7469444444444445 0.31328703703703703 0.047384259259259306 0.01576388888888891
4 0.7404918981481481 0.43836226851851856 0.04733796296296298 0.014201388888889
14 0.6671990740740741 0.3646701388888889 0.044212962962962975 0.014178240740740745
8 0.2809085648148148 0.8567013888888889 0.04582175925925931 0.01575231481481474
12 0.7559374999999999 0.3530729166666667 0.04586805555555564 0.017314814814814828
5 0.6958796296296297 0.2777199074074074 0.044212962962962975 0.014178240740740745