11 0.09695601851851851 0.4797974537037037 0.020868055555555553 0.01925925925925931
6 0.9025115740740741 0.5856250000000001 0.027349537037036954 0.027256944444444466
10 0.1658912037037037 0.4880844907407408 0.022384259259259222 0.017743055555555644
2 0.4482638888888889 0.37624421296296295 0.020868055555555643 0.01925925925925931
12 0.2812673611111111 0.40407986111111105 0.020868055555555553 0.01925925925925931
4 0.33847800925925925 0.4908564814814815 0.020868055555555643 0.01925925925925931
3 0.2807060185185185 0.35879050925925926 0.020868055555555553 0.01925925925925931
8 0.9436863425925924 0.895167824074074 0.02574074074074062 0.025648148148147955
13 0.2240740740740741 0.3969212962962963 0.022430555555555554 0.019305555555555555
14 0.40050347222222216 0.42400462962962965 0.020868055555555643 0.01925925925925931
5 0.33660300925925923 0.32219907407407405 0.020868055555555553 0.01925925925925931
0 0.23905092592592592 0.5862615740740742 0.022430555555555554 0.01930555555555564
9 0.871880787037037 0.3685011574074074 0.022569444444444288 0.023993055555555552
7 0.8850231481481481 0.4695833333333333 0.023993055555555642 0.019351851851851974