0 0.790625 0.509375 0.0203125 0.0203125
9 0.1390625 0.31171875 0.0171875 0.0171875
10 0.809375 0.4015625 0.0171875 0.0171875
12 0.68203125 0.3203125 0.0171875 0.0171875
4 0.67734375 0.41875 0.02109375 0.02265625
6 0.17109375 0.55234375 0.0171875 0.0171875
14 0.5859375 0.3484375 0.0171875 0.0171875
5 0.6015625 0.2453125 0.0171875 0.0171875
1 0.97890625 0.45703125 0.0203125 0.02265625
2 0.5265625 0.3 0.0171875 0.0171875
13 0.7265625 0.31328125 0.0171875 0.0171875
3 0.6640625 0.278125 0.0171875 0.0171875
8 0.228125 0.96015625 0.03515625 0.0328125
7 0.15390625 0.4171875 0.0171875 0.0171875
11 0.8609375 0.3921875 0.0234375 0.02109375