0 0.6211400462962964 0.53046875 0.056805555555555644 0.046875
4 0.4970717592592592 0.43515625 0.058206018518518476 0.0359375
2 0.335787037037037 0.30625 0.05662037037037031 0.034375
14 0.39979745370370373 0.35546875 0.05347222222222214 0.0328125
10 0.6395891203703703 0.4046875 0.055081018518518474 0.0359375
12 0.5016782407407407 0.32421875 0.05347222222222214 0.0328125
3 0.48218750000000005 0.27421875 0.05813657407407398 0.03125
5 0.41526041666666663 0.2390625 0.05813657407407398 0.03125
11 0.6878414351851851 0.3921875 0.05505787037037031 0.034375
13 0.5507349537037036 0.31328125 0.05505787037037031 0.034375
1 0.8004976851851853 0.45546875 0.061400462962962976 0.040625