7 0.03515625 0.46328125 0.0234375 0.0234375
6 0.0515625 0.6671875 0.02109375 0.02265625
2 0.52265625 0.284375 0.01875 0.01875
5 0.646875 0.17578125 0.02109375 0.02109375
0 0.75703125 0.6484375 0.01875 0.01875
10 0.83828125 0.4796875 0.0203125 0.02109375
13 0.778125 0.31484375 0.01875 0.0203125
9 0.0234375 0.2703125 0.01875 0.0203125
11 0.9171875 0.4625 0.02265625 0.02265625
3 0.7140625 0.2484375 0.02265625 0.0234375
12 0.7125 0.33046875 0.0109375 0.02109375
14 0.5796875 0.37265625 0.0125 0.0234375
4 0.6609375 0.4984375 0.0171875 0.0265625