14 0.80859375 0.31171875 0.0171875 0.0171875
2 0.75859375 0.2671875 0.0171875 0.0171875
7 0.4421875 0.321875 0.0171875 0.0171875
6 0.45078125 0.4328125 0.0171875 0.0171875
4 0.8859375 0.3890625 0.0171875 0.0171875
9 0.4359375 0.23671875 0.0171875 0.0171875
3 0.88671875 0.26171875 0.0171875 0.0171875
13 0.94296875 0.3015625 0.0171875 0.0171875
12 0.89921875 0.303125 0.0171875 0.0171875
5 0.0171875 0.26640625 0.0171875 0.0171875
8 0.47890625 0.76796875 0.02109375 0.025
0 0.9953125 0.4953125 0.00859375 0.0125
2 0.1078125 0.30234375 0.02265625 0.01640625
14 0.0578125 0.36015625 0.0171875 0.0171875
5 0.8296875 0.22578125 0.0171875 0.01640625