4 0.2390625 0.45859375 0.0171875 0.0171875
14 0.346875 0.371875 0.0171875 0.0171875
10 0.09296875 0.4421875 0.0171875 0.0171875
0 0.1046875 0.571875 0.0171875 0.0171875
6 0.79765625 0.6078125 0.0171875 0.0171875
7 0.8171875 0.4453125 0.0171875 0.0171875
12 0.24453125 0.34453125 0.0171875 0.0171875
5 0.334375 0.2546875 0.0171875 0.0171875
9 0.83203125 0.32421875 0.0171875 0.0171875
11 0.0328125 0.4296875 0.0171875 0.0171875
13 0.19453125 0.3359375 0.0171875 0.0171875
2 0.4140625 0.3171875 0.0171875 0.0171875
3 0.26328125 0.29296875 0.0171875 0.0171875