7 0.7158506944444445 0.35510416666666667 0.037986111111111144 0.022569444444444465
4 0.09439236111111111 0.4250462962962963 0.041180555555555554 0.025787037037036952
6 0.7016145833333334 0.4687326388888889 0.036388888888888894 0.02096064814814813
12 0.09008680555555555 0.33773148148148147 0.0332986111111111 0.022430555555555554
2 0.28295138888888893 0.30156828703703703 0.03489583333333339 0.024039351851851888
5 0.1870486111111111 0.2606886574074074 0.03322916666666664 0.019305555555555555
8 0.6551736111111112 0.8370543981481482 0.03815972222222221 0.030381944444444288
13 0.029236111111111112 0.3356307870370371 0.033229166666666664 0.01930555555555564
3 0.10970486111111111 0.29811342592592593 0.03322916666666664 0.019305555555555555
9 0.7288194444444445 0.26337384259259256 0.03322916666666664 0.019305555555555555
14 0.2125 0.3450347222222222 0.03322916666666664 0.019305555555555555