11 0.839982638888889 0.4125 0.047152777777778 0.009375
1 0.9388946759259259 0.4859375 0.047152777777778 0.009375
12 0.6786863425925926 0.33125 0.04715277777777782 0.009375
3 0.6668113425925926 0.2890625 0.04715277777777764 0.009375
2 0.5377083333333333 0.30234375 0.04715277777777782 0.009375
0 0.7702777777777777 0.5296875 0.04715277777777764 0.009375
14 0.5908969907407406 0.35078125 0.04715277777777764 0.009375
7 0.19253472222222223 0.3984375 0.05032407407407406 0.0125
10 0.7914641203703704 0.41796875 0.04715277777777764 0.009375
13 0.7217361111111111 0.32578125 0.04715277777777782 0.009375
6 0.1936111111111111 0.53671875 0.047222222222222235 0.0140625
5 0.6118750000000001 0.253125 0.04715277777777764 0.009375
9 0.19403935185185187 0.296875 0.05032407407407406 0.0125
4 0.6710011574074074 0.428125 0.04715277777777782 0.009375
8 0.19414930555555557 0.975 0.0882407407407407 0.040625