12 0.2484375 0.1796875 0.0125 0.01640625
10 0.19453125 0.32734375 0.0234375 0.0265625
2 0.42890625 0.1140625 0.01640625 0.0203125
14 0.43203125 0.1859375 0.0140625 0.02109375
4 0.4328125 0.30234375 0.01640625 0.02265625
11 0.0796875 0.3328125 0.02265625 0.01875
7 0.9921875 0.1609375 0.0125 0.01875
13 0.1671875 0.18125 0.0171875 0.01640625
3 0.20078125 0.1171875 0.01640625 0.01484375
5 0.23359375 0.06484375 0.02109375 0.01484375
0 0.43359375 0.47109375 0.01640625 0.0234375
9 0.85859375 0.05703125 0.02265625 0.0203125