6 0.475 0.42890625 0.03125 0.0359375
14 0.0875 0.35 0.025 0.0234375
7 0.46875 0.32109375 0.0296875 0.03125
2 0.78515625 0.26796875 0.02265625 0.02265625
14 0.83515625 0.3171875 0.02265625 0.0234375
4 0.91796875 0.3953125 0.025 0.0265625
12 0.92890625 0.30625 0.02265625 0.02109375
13 0.975 0.30390625 0.02265625 0.02109375
5 0.0515625 0.2546875 0.0265625 0.02265625
3 0.91484375 0.26328125 0.02265625 0.02265625
5 0.85546875 0.2234375 0.025 0.0203125
8 0.496875 0.7671875 0.0296875 0.0265625
2 0.134375 0.2921875 0.025 0.02109375
4 0.009375 0.44140625 0.0171875 0.0296875
9 0.4625 0.23671875 0.0265625 0.02265625