10 0.03046875 0.3921875 0.0171875 0.0171875
14 0.2203125 0.31953125 0.0171875 0.0171875
2 0.8859375 0.3140625 0.0171875 0.0171875
0 0.0515625 0.48125 0.0171875 0.0171875
6 0.5578125 0.4359375 0.0171875 0.0171875
4 0.14765625 0.38984375 0.0171875 0.0171875
7 0.5671875 0.3296875 0.0171875 0.0171875
12 0.1390625 0.30625 0.0171875 0.0171875
9 0.57421875 0.2484375 0.0171875 0.0171875
3 0.15 0.26875 0.0171875 0.0171875
5 0.20234375 0.23359375 0.0171875 0.0171875
13 0.09765625 0.30546875 0.0171875 0.0171875
8 0.53203125 0.75234375 0.02265625 0.0234375
2 0.26796875 0.27265625 0.01484375 0.0140625
14 0.9328125 0.3703125 0.01875 0.01875
5 0.96953125 0.28125 0.0140625 0.0140625