5 0.6330787037037038 0.048449074074074075 0.03194444444444446 0.02357638888888889
3 0.6647164351851852 0.16745949074074074 0.02721064814814813 0.02197916666666666
3 0.6979398148148148 0.2857002314814815 0.03042824074074062 0.025127314814814828
11 0.7669560185185185 0.5409548611111111 0.03387731481481478 0.036087962962962905
1 0.8271122685185187 0.7523842592592592 0.032361111111111285 0.037638888888889
12 0.5845196759259259 0.28954861111111113 0.03212962962962962 0.029826388888888822
10 0.6300983796296296 0.5446296296296296 0.032175925925925955 0.03138888888888882
2 0.34793981481481484 0.17761574074074074 0.025694444444444464 0.023530092592592578
14 0.34765625 0.31905092592592593 0.027118055555555555 0.01885416666666666
4 0.3517708333333333 0.5230324074074074 0.02900462962962962 0.02980324074074083
0 0.3523148148148148 0.7684027777777778 0.03548611111111111 0.03766203703703699