7 0.2970543981481481 0.35479166666666667 0.02684027777777782 0.01888888888888891
4 0.8621990740740741 0.43575231481481486 0.026817129629629476 0.017326388888889
12 0.8849710648148147 0.32231481481481483 0.026817129629629476 0.017326388888888912
6 0.2925810185185185 0.4985590277777778 0.02684027777777782 0.018888888888888823
14 0.7675520833333334 0.33880787037037036 0.026817129629629656 0.017326388888888822
0 0.9868171296296296 0.5660648148148149 0.017465277777777642 0.0188194444444445
3 0.8716493055555556 0.27241898148148147 0.025277777777778 0.018877314814814826
5 0.804375 0.2260474537037037 0.026817129629629476 0.017326388888888912
2 0.7098263888888889 0.28064814814814815 0.025277777777777823 0.018877314814814826
13 0.9420138888888889 0.3211111111111111 0.025277777777778 0.018877314814814826
9 0.3017534722222222 0.2485185185185185 0.02684027777777782 0.018888888888888823
8 0.28066550925925926 0.933755787037037 0.0444212962962963 0.04557870370370374