4 0.38399884259259254 0.36875 0.028819444444444463 0.01875
10 0.23729745370370373 0.34296875 0.02719907407407405 0.0171875
1 0.056568287037037035 0.3921875 0.02725694444444444 0.01875
11 0.18402777777777776 0.32578125 0.027256944444444466 0.01875
2 0.5580729166666667 0.24609375 0.028819444444444463 0.01875
0 0.25005787037037036 0.4625 0.02719907407407405 0.0171875
3 0.4061342592592593 0.2140625 0.028819444444444463 0.01875
14 0.48987268518518523 0.29453125 0.028761574074074047 0.0171875
13 0.33608217592592593 0.24921875 0.028761574074074047 0.0171875
6 0.9487847222222221 0.56015625 0.028761574074074047 0.0171875
7 0.98046875 0.40078125 0.01938657407407405 0.0171875
12 0.383275462962963 0.26171875 0.028761574074074047 0.0171875
5 0.47928240740740746 0.1796875 0.027256944444444466 0.01875