10 0.1559375 0.4889409722222222 0.04747685185185184 0.016076388888888894
6 0.793611111111111 0.5500173611111111 0.049131944444444464 0.01923611111111114
0 0.19256944444444443 0.5718402777777778 0.04747685185185189 0.016076388888888894
11 0.10219328703703705 0.48227430555555556 0.04747685185185189 0.016076388888888894
4 0.2927256944444444 0.48963541666666666 0.0474768518518518 0.016076388888888894
7 0.788761574074074 0.44984375 0.04747685185185198 0.016076388888888894
12 0.2721759259259259 0.4180381944444444 0.0474768518518518 0.016076388888888894
8 0.8027604166666666 0.8480729166666666 0.05074074074074062 0.020833333333333214
1 0.00703125 0.54375 0.0140625 0.015625
2 0.4221817129629629 0.3947916666666667 0.04747685185185198 0.016076388888888894
5 0.3412152777777778 0.35703125 0.0474768518518518 0.016076388888888894
3 0.2824305555555555 0.3885590277777778 0.0474768518518518 0.016076388888888894
13 0.22925347222222223 0.41552083333333334 0.0474768518518518 0.016076388888888894
9 0.7855613425925926 0.3731597222222222 0.04747685185185198 0.016076388888888894
14 0.3710474537037037 0.4319618055555556 0.0474768518518518 0.016076388888888894