6 0.76328125 0.49921875 0.02109375 0.02265625
0 0.13046875 0.49609375 0.0171875 0.0171875
4 0.24765625 0.41796875 0.0171875 0.0171875
7 0.7578125 0.39921875 0.0171875 0.0171875
14 0.3296875 0.3625 0.0171875 0.0171875
11 0.03671875 0.4046875 0.0171875 0.0171875
13 0.1765625 0.3421875 0.0171875 0.0171875
2 0.38515625 0.32734375 0.0171875 0.0171875
12 0.22890625 0.34765625 0.0171875 0.0171875
8 0.7734375 0.8171875 0.0203125 0.02265625
10 0.0984375 0.41328125 0.0171875 0.0171875
3 0.2390625 0.31328125 0.0171875 0.0171875
5 0.3 0.2859375 0.0171875 0.0171875
9 0.7546875 0.3234375 0.0171875 0.0171875