10 0.38354166666666667 0.534375 0.045648148148148146 0.0421875
11 0.24369791666666668 0.534375 0.042476851851851814 0.0359375
0 0.6716956018518518 0.7625 0.05032407407407398 0.040625
4 0.6743518518518519 0.509375 0.03930555555555557 0.0296875
2 0.678599537037037 0.146875 0.040879629629629655 0.03125
12 0.43548611111111113 0.271875 0.04243055555555557 0.0296875
13 0.31831018518518517 0.2703125 0.04399305555555557 0.0296875
3 0.35280092592592593 0.14921875 0.039282407407407405 0.0265625
1 0.18112268518518518 0.75546875 0.040868055555555574 0.0296875
14 0.6798437500000001 0.2953125 0.03775462962962948 0.03125
5 0.38809606481481485 0.025 0.045509259259259235 0.0234375