2 0.18561921296296297 0.3530034722222222 0.05184027777777778 0.022430555555555554
6 0.5789872685185186 0.5497337962962963 0.051840277777777645 0.02243055555555564
8 0.6152893518518519 0.944386574074074 0.058229166666666644 0.03199074074074062
14 0.13335069444444442 0.40924189814814815 0.050254629629629656 0.02082175925925931
7 0.5677025462962962 0.42054976851851855 0.050277777777777644 0.02238425925925931
3 0.02421875 0.3515625 0.0484375 0.021875
4 0.04421875 0.507337962962963 0.05344907407407408 0.025601851851851976
12 0.02109375 0.3984375 0.0421875 0.021875
5 0.08887731481481483 0.30640625 0.05184027777777779 0.022430555555555554
9 0.559236111111111 0.32346643518518514 0.05184027777777782 0.022430555555555554
2 0.9475347222222222 0.38885416666666667 0.06277777777777764 0.022754629629629618