4 0.12578125 0.4650231481481482 0.0328125 0.025694444444444287
14 0.23203125 0.38765625 0.0359375 0.025787037037037042
6 0.7421875 0.5334780092592594 0.028125 0.01930555555555564
7 0.74296875 0.41470486111111116 0.0296875 0.022476851851851977
8 0.740625 0.8944618055555555 0.0328125 0.028819444444444287
9 0.74296875 0.3225173611111111 0.028125 0.019305555555555555
2 0.296875 0.34120370370370373 0.03125 0.022523148148148132
5 0.19375 0.2942592592592592 0.0265625 0.01925925925925931
3 0.11875 0.32851273148148147 0.0265625 0.01925925925925922
13 0.03984375 0.36444444444444446 0.034375 0.025740740740740797
12 0.10625 0.3710706018518518 0.0265625 0.017696759259259308