10 0.31733796296296296 0.5123726851851852 0.044305555555555556 0.03791666666666664
0 0.367337962962963 0.7225231481481481 0.047523148148148134 0.044212962962962975
11 0.21469907407407404 0.481087962962963 0.044212962962962975 0.03166666666666664
13 0.4712847222222222 0.3491898148148148 0.04108796296296298 0.03162037037037031
12 0.5639178240740741 0.37046875 0.04111111111111114 0.03318287037037031
14 0.7614409722222222 0.4292476851851852 0.04108796296296298 0.03162037037037031
3 0.58859375 0.2865277777777778 0.03943287037037031 0.025347222222222143
4 0.5805787037037037 0.5639293981481481 0.04430555555555564 0.03791666666666664
1 0.009375 0.59140625 0.01875 0.0359375
2 0.8845775462962961 0.34228587962962964 0.04271990740740748 0.03633101851851848
5 0.7176793981481481 0.21978587962962964 0.04253472222222214 0.023831018518518477