0 0.91640625 0.646875 0.0171875 0.0171875
6 0.34296875 0.5890625 0.0203125 0.02109375
7 0.3484375 0.4703125 0.0203125 0.0203125
12 0.83125 0.44609375 0.0171875 0.0171875
8 0.3296875 0.953125 0.0234375 0.025
10 0.95 0.54296875 0.0171875 0.0171875
9 0.3515625 0.37890625 0.0171875 0.0171875
3 0.82109375 0.40390625 0.0171875 0.0171875
2 0.68828125 0.4078125 0.0171875 0.0171875
14 0.73671875 0.459375 0.0171875 0.0171875
4 0.8140625 0.53828125 0.0171875 0.0171875
5 0.7671875 0.36484375 0.0171875 0.0171875
13 0.87734375 0.44453125 0.0171875 0.0171875