7 0.44045717592592587 0.3384201388888889 0.041180555555555644 0.019166666666666644
3 0.9577430555555555 0.29725694444444445 0.04113425925925931 0.017604166666666643
2 0.07907407407407407 0.2824305555555555 0.039571759259259265 0.017569444444444395
6 0.42466435185185186 0.4761805555555556 0.039571759259259306 0.01756944444444457
12 0.9671296296296298 0.34935763888888893 0.04118055555555529 0.019166666666666644
8 0.3758796296296296 0.9105729166666666 0.05712962962962962 0.030451388888888785
14 0.8599363425925926 0.35720486111111105 0.03961805555555564 0.019131944444444392
5 0.01015625 0.2296875 0.0203125 0.01875
4 0.9442650462962963 0.46229166666666666 0.04113425925925931 0.017604166666666643
9 0.4520601851851852 0.23666666666666666 0.03961805555555564 0.019131944444444483
5 0.8981712962962962 0.2525173611111111 0.041180555555555644 0.019166666666666644
2 0.8086631944444445 0.2958854166666667 0.05060185185185162 0.020937499999999963