14 0.8828935185185184 0.4458449074074074 0.03140046296296291 0.017395833333333322
10 0.4056886574074074 0.4575231481481481 0.045509259259259235 0.02385416666666664
5 0.8309953703703703 0.2943113425925926 0.0297569444444445 0.006435185185185155
11 0.2999826388888889 0.4239293981481481 0.045509259259259235 0.02385416666666664
0 0.4560011574074074 0.6059085648148148 0.056504629629629655 0.03182870370370363
3 0.6968923611111111 0.32903935185185185 0.04078703703703699 0.019097222222222144
1 0.07149305555555556 0.4767881944444444 0.04711805555555557 0.030127314814814808
12 0.6613657407407407 0.38397569444444446 0.04863425925925924 0.023900462962962978
13 0.5682291666666666 0.3599421296296296 0.045497685185185335 0.022291666666666644
2 0.9953125 0.39453125 0.009375 0.0140625
4 0.6857986111111111 0.5186979166666668 0.053310185185185155 0.022407407407407477