10 0.07545138888888889 0.37788194444444445 0.03452546296296295 0.017337962962962906
14 0.3711284722222222 0.32382523148148146 0.034525462962962904 0.017337962962962992
0 0.11140046296296298 0.4851736111111111 0.034525462962962994 0.017337962962962906
4 0.26305555555555554 0.39333333333333337 0.034525462962962994 0.017337962962962906
6 0.9210185185185186 0.5239814814814815 0.034525462962962904 0.017337962962962906
7 0.9208622685185185 0.3974247685185185 0.034525462962962904 0.017337962962962906
12 0.2420486111111111 0.29943287037037036 0.034525462962962904 0.017337962962962906
2 0.4411226851851852 0.2813773148148148 0.034525462962962904 0.017337962962962906
3 0.2581655092592593 0.26049189814814816 0.034525462962962904 0.017337962962962992
9 0.9209317129629631 0.30133680555555553 0.034525462962962904 0.017337962962962992
13 0.1833854166666667 0.2896238425925926 0.034525462962962994 0.017337962962962992
8 0.9256712962962963 0.9411805555555557 0.0408333333333335 0.025196759259259238
5 0.3368171296296296 0.2267013888888889 0.034525462962962904 0.017337962962962906