6 0.5703125 0.534375 0.0171875 0.0171875
4 0.10703125 0.5046875 0.0171875 0.0171875
14 0.1890625 0.44375 0.0171875 0.0171875
8 0.5890625 0.83515625 0.01875 0.02109375
2 0.2390625 0.4078125 0.0171875 0.0171875
7 0.5640625 0.4484375 0.0171875 0.0171875
5 0.9640625 0.39921875 0.0171875 0.0171875
13 0.05390625 0.43671875 0.0171875 0.0171875
12 0.096875 0.4375 0.0171875 0.0171875
9 0.559375 0.3875 0.0171875 0.0171875
3 0.11015625 0.4078125 0.0171875 0.0171875
5 0.1671875 0.3796875 0.01640625 0.0171875