6 0.18515625 0.44140625 0.0171875 0.0171875
10 0.92734375 0.3359375 0.0171875 0.0171875
14 0.67109375 0.25078125 0.0171875 0.0171875
0 0.8859375 0.46015625 0.0171875 0.0171875
12 0.7859375 0.23046875 0.0171875 0.0171875
11 0.9953125 0.32890625 0.00859375 0.0125
9 0.1875 0.1734375 0.0171875 0.0171875
5 0.70546875 0.1328125 0.0171875 0.0171875
4 0.76328125 0.3390625 0.0171875 0.0171875
2 0.6125 0.1921875 0.0171875 0.0171875
3 0.77265625 0.17578125 0.0171875 0.0171875
13 0.83984375 0.22265625 0.0171875 0.0171875
7 0.1859375 0.2890625 0.0171875 0.0171875
8 0.1859375 0.8984375 0.03359375 0.02734375