10 0.3234375 0.4997395833333334 0.034375 0.038541666666666786
0 0.38125 0.7030671296296296 0.0359375 0.040162037037037024
11 0.2234375 0.47531828703703705 0.034375 0.03385416666666661
13 0.47421875 0.33321759259259254 0.028125 0.03206018518518512
4 0.5859375 0.5376736111111111 0.03125 0.03530092592592595
2 0.87421875 0.30746527777777777 0.03125 0.03373842592592595
12 0.5625 0.3510416666666667 0.03125 0.030613425925925954
14 0.75859375 0.3984664351851852 0.03125 0.029050925925925952
1 0.0140625 0.5921875 0.028125 0.034375
3 0.5859375 0.2665798611111111 0.0265625 0.02575231481481479
5 0.70546875 0.19730902777777776 0.03125 0.021238425925925952