14 0.6359548611111111 0.3516319444444444 0.03152777777777782 0.017696759259259308
10 0.8468634259259259 0.39618634259259256 0.03309027777777764 0.017743055555555644
11 0.9006770833333334 0.3883391203703704 0.03150462962962948 0.01613425925925922
12 0.7279571759259259 0.336400462962963 0.03309027777777764 0.017743055555555554
3 0.713443287037037 0.30634837962962963 0.03152777777777764 0.017696759259259308
7 0.22928240740740743 0.3879108796296296 0.03150462962962965 0.01613425925925931
6 0.2384606481481481 0.4798668981481482 0.033067129629629655 0.016180555555555642
0 0.8307986111111111 0.4724768518518518 0.03309027777777764 0.017743055555555644
8 0.2686631944444445 0.7775405092592592 0.03628472222222214 0.022523148148148132
2 0.5791724537037037 0.3173611111111111 0.033067129629629474 0.016180555555555552
13 0.7716608796296296 0.33197916666666666 0.03309027777777782 0.017743055555555554
9 0.2227372685185185 0.3154166666666667 0.03150462962962965 0.01613425925925931
5 0.6536863425925926 0.2823263888888889 0.033067129629629655 0.016180555555555552
4 0.7211516203703704 0.40460069444444446 0.033067129629629474 0.016180555555555465