0 0.3703125 0.5328125 0.0171875 0.0171875
11 0.2953125 0.44296875 0.0171875 0.0171875
6 0.93828125 0.57578125 0.0171875 0.0171875
13 0.40546875 0.39296875 0.0171875 0.0171875
7 0.9375 0.4765625 0.0171875 0.0171875
3 0.45859375 0.371875 0.0171875 0.0171875
4 0.4625 0.4671875 0.0171875 0.0171875
2 0.58515625 0.3890625 0.0171875 0.0171875
14 0.5375 0.4203125 0.0171875 0.0171875
5 0.5078125 0.34921875 0.0171875 0.0171875
1 0.20390625 0.4890625 0.0171875 0.0171875
9 0.9375 0.4 0.0171875 0.0171875
10 0.34140625 0.45546875 0.0171875 0.0171875
12 0.44609375 0.4015625 0.0171875 0.0171875
8 0.9375 0.8734375 0.03359375 0.0296875