3 0.7804108796296296 0.31655092592592593 0.035069444444444285 0.019305555555555555
11 0.984375 0.45859375 0.03125 0.0171875
7 0.2544849537037037 0.4024189814814815 0.033506944444444464 0.01925925925925931
14 0.6898148148148148 0.37785879629629626 0.033506944444444464 0.01925925925925931
0 0.8884837962962964 0.5796238425925926 0.03501157407407405 0.017743055555555644
2 0.6355613425925926 0.3247453703703703 0.03344907407407405 0.017696759259259308
10 0.924045138888889 0.4651793981481481 0.033506944444444284 0.01925925925925931
9 0.25601851851851853 0.2963310185185185 0.033506944444444464 0.01925925925925931
4 0.7765625 0.4654918981481481 0.03501157407407405 0.017743055555555644
5 0.7219618055555556 0.2765798611111111 0.035069444444444466 0.019305555555555555
6 0.2524016203703704 0.5358043981481482 0.03344907407407405 0.017696759259259308
8 0.2544849537037037 0.9502546296296297 0.04322916666666661 0.02891203703703695
13 0.8444444444444443 0.3598090277777778 0.033506944444444284 0.01925925925925931
12 0.7930555555555555 0.36296875 0.03368055555555571 0.02394675925925931