11 0.9008217592592593 0.4382523148148148 0.048692129629629474 0.014699074074074048
6 0.12032986111111113 0.5741319444444445 0.055057870370370396 0.022743055555555537
10 0.8350925925925925 0.4477141203703704 0.050254629629629476 0.014756944444444286
2 0.5530729166666667 0.3519675925925926 0.050277777777777644 0.016319444444444463
12 0.7183159722222222 0.3716145833333333 0.048692129629629655 0.014699074074074048
4 0.6662847222222222 0.4578703703703704 0.050277777777777824 0.016319444444444286
3 0.7166203703703704 0.32795138888888886 0.048692129629629655 0.014699074074074048
8 0.09476851851851852 0.8764756944444445 0.053495370370370374 0.02268518518518512
13 0.7738888888888888 0.3625289351851852 0.050254629629629656 0.014756944444444465
14 0.6016087962962964 0.39623842592592595 0.050277777777777644 0.016319444444444463
5 0.6593402777777777 0.29415509259259254 0.050277777777777644 0.016319444444444463
0 0.7680324074074074 0.5470196759259259 0.050254629629629476 0.014756944444444465
9 0.13988425925925924 0.36102430555555554 0.05034722222222223 0.021006944444444463
7 0.13139467592592594 0.45972222222222225 0.05340277777777778 0.01643518518518512