6 0.21590856481481482 0.566232638888889 0.05542824074074071 0.03628472222222214
10 0.9369675925925925 0.4176099537037038 0.05216435185185162 0.03155092592592581
0 0.921875 0.540769675925926 0.050601851851851974 0.03152777777777764
12 0.7755729166666667 0.3207291666666666 0.050601851851851884 0.03152777777777782
2 0.5943171296296297 0.29149305555555555 0.052164351851851795 0.03155092592592599
4 0.7772974537037036 0.43164351851851845 0.052164351851851976 0.03155092592592581
11 0.9875 0.40234375 0.025 0.0296875
5 0.6776909722222222 0.23259837962962965 0.050555555555555645 0.02996527777777782
13 0.8284201388888889 0.3121412037037037 0.05216435185185162 0.03155092592592599
14 0.6670543981481482 0.3480150462962963 0.052164351851851795 0.03155092592592599
3 0.7513888888888889 0.2688310185185185 0.05211805555555564 0.029988425925925988
9 0.15960069444444444 0.2998900462962963 0.05685185185185184 0.031620370370370396
7 0.1849016203703704 0.41583912037037035 0.06314814814814813 0.03327546296296298