0 0.2853645833333333 0.5513020833333333 0.018877314814814826 0.017442129629629655
14 0.4672800925925927 0.42750000000000005 0.018888888888889 0.019004629629629476
6 0.8810185185185185 0.5885763888888889 0.022060185185185332 0.02530092592592581
11 0.20575231481481482 0.4571585648148148 0.01888888888888891 0.019004629629629656
7 0.8849479166666667 0.48616319444444445 0.023599537037037165 0.022199074074074156
5 0.438599537037037 0.35291666666666666 0.020439814814814737 0.017465277777777823
13 0.3248900462962963 0.4022627314814814 0.020439814814814827 0.017465277777777642
1 0.10532407407407407 0.5063078703703704 0.01888888888888891 0.019004629629629476
2 0.5186168981481482 0.39626736111111105 0.020451388888888998 0.01902777777777782
4 0.3840798611111111 0.4818634259259259 0.018877314814814826 0.017442129629629478
3 0.3817534722222222 0.37876157407407407 0.020439814814814827 0.017465277777777823
9 0.885931712962963 0.40801504629629626 0.020451388888888998 0.01902777777777782
12 0.37026041666666665 0.4094039351851852 0.020439814814814827 0.017465277777777823
10 0.25662037037037033 0.468125 0.018877314814814826 0.017442129629629478
8 0.8715624999999999 0.89421875 0.04406249999999971 0.04281250000000014