10 0.5967534722222222 0.5748263888888889 0.049131944444444464 0.044479166666666715
11 0.7648495370370371 0.5625 0.0506018518518518 0.038263888888888965
14 0.24912615740740743 0.4224479166666667 0.039571759259259306 0.031770833333333394
0 0.2580150462962963 0.7713541666666666 0.0506018518518518 0.038263888888888785
3 0.6282175925925926 0.29609375 0.03791666666666664 0.025486111111111143
12 0.5354803240740741 0.38796875000000003 0.037986111111111144 0.030173611111111144
13 0.6715451388888889 0.37635416666666666 0.039571759259259306 0.031770833333333394
2 0.2459548611111111 0.3202083333333333 0.03793981481481481 0.02704861111111114
1 0.8467939814814816 0.7246875 0.04743055555555529 0.035069444444444466
4 0.25148726851851855 0.579375 0.04269675925925931 0.03184027777777772
5 0.5864525462962963 0.21579861111111112 0.04253472222222214 0.020902777777777805