0 0.8171875 0.534375 0.0171875 0.0171875
1 0.99453125 0.50234375 0.0109375 0.0203125
10 0.84765625 0.43359375 0.0171875 0.0171875
2 0.60625 0.31796875 0.0171875 0.0171875
11 0.89609375 0.42890625 0.0171875 0.0171875
6 0.27265625 0.5109375 0.0171875 0.0171875
7 0.2734375 0.3953125 0.0171875 0.0171875
13 0.7828125 0.34765625 0.0171875 0.0171875
9 0.27578125 0.3046875 0.0171875 0.0171875
3 0.73125 0.3109375 0.0171875 0.0171875
4 0.725 0.4359375 0.0171875 0.0171875
14 0.6515625 0.3640625 0.0171875 0.0171875
8 0.26796875 0.8671875 0.0171875 0.0171875
12 0.73984375 0.35 0.0171875 0.0171875
5 0.6796875 0.2765625 0.0171875 0.0171875