10 0.38897569444444446 0.41587384259259264 0.0595949074074074 0.03481481481481481
2 0.9671412037037037 0.3244502314814815 0.045474537037036813 0.026793981481481488
12 0.6428645833333333 0.31183449074074077 0.05641203703703699 0.026956018518518476
14 0.8364583333333332 0.399068287037037 0.05960648148148166 0.03637731481481481
5 0.8051562499999999 0.1806597222222222 0.05165509259259267 0.017511574074074065
3 0.6821180555555555 0.23273726851851856 0.05642361111111107 0.028518518518518478
4 0.6497453703703704 0.5025405092592592 0.06430555555555557 0.03800925925925931
1 0.06738425925925925 0.4493865740740741 0.0611574074074074 0.03483796296296297
0 0.41637152777777775 0.6342245370370371 0.054895833333333324 0.03318287037037031
13 0.5559201388888889 0.2800810185185185 0.05803240740740741 0.034791666666666644
11 0.2886863425925926 0.3753298611111111 0.06270833333333332 0.03329861111111114