7 0.6546875 0.3578125 0.03125 0.0390625
6 0.65859375 0.48828125 0.03515625 0.04375
0 0.0765625 0.5484375 0.02890625 0.03515625
10 0.0515625 0.4359375 0.0265625 0.03125
14 0.2640625 0.34140625 0.0234375 0.0234375
2 0.31484375 0.290625 0.0234375 0.0234375
4 0.1875 0.42890625 0.025 0.0265625
9 0.65390625 0.26328125 0.02734375 0.03125
12 0.1734375 0.33203125 0.025 0.025
3 0.18359375 0.290625 0.025 0.02109375
13 0.13046875 0.33125 0.025 0.0234375
5 0.2390625 0.246875 0.0265625 0.02109375
8 0.66328125 0.90234375 0.04375 0.03984375