7 0.01875 0.43984375 0.0375 0.0203125
6 0.028125 0.6521354166666666 0.0390625 0.020486111111111073
2 0.52578125 0.27110532407407406 0.0359375 0.015775462962962904
5 0.6578125 0.1630960648148148 0.0375 0.01734953703703703
0 0.75390625 0.6514467592592592 0.034375 0.014201388888888822
10 0.84296875 0.480474537037037 0.0375 0.01734953703703699
13 0.78671875 0.31057870370370366 0.0359375 0.015775462962962904
9 0.015625 0.24207175925925925 0.0296875 0.01416666666666666
11 0.925 0.4658043981481482 0.0390625 0.01892361111111107
3 0.725 0.23994212962962963 0.040625 0.022060185185185155
12 0.71953125 0.3243576388888889 0.028125 0.017280092592592666
14 0.58125 0.36366319444444445 0.0296875 0.01885416666666666
4 0.66015625 0.49510995370370364 0.034375 0.022013888888889