2 0.23046875 0.43828125 0.0171875 0.0171875
7 0.5296875 0.49375 0.0171875 0.0171875
4 0.10703125 0.5578125 0.0171875 0.0171875
14 0.88671875 0.515625 0.0171875 0.0171875
6 0.521875 0.59921875 0.0171875 0.0171875
9 0.5359375 0.4125 0.0171875 0.0171875
12 0.1 0.47265625 0.0171875 0.0171875
3 0.9703125 0.4703125 0.0171875 0.0171875
13 0.0609375 0.46953125 0.0171875 0.0171875
8 0.49765625 0.91484375 0.0203125 0.02734375
5 0.91796875 0.4296875 0.0171875 0.0171875
5 0.16640625 0.4 0.0171875 0.01875
3 0.1140625 0.43515625 0.01640625 0.01484375
14 0.1828125 0.4859375 0.01640625 0.01484375
0 0.003125 0.65703125 0.00625 0.0109375
2 0.8421875 0.465625 0.02109375 0.01640625
4 0.959375 0.60234375 0.02109375 0.01875
12 0.9796875 0.5140625 0.02109375 0.01640625