7 0.97890625 0.37109375 0.0421875 0.0328125
0 0.21325810185185184 0.5192418981481481 0.055752314814814775 0.029166666666666785
6 0.98203125 0.50390625 0.0359375 0.0390625
10 0.16638310185185184 0.4153935185185185 0.057222222222222195 0.026099537037037025
11 0.09813657407407408 0.40853587962962956 0.052303240740740754 0.018113425925925953
9 0.98046875 0.271875 0.0390625 0.01875
4 0.3432002314814815 0.4174479166666666 0.05395833333333329 0.02129629629629619
12 0.31625 0.32615740740740745 0.052303240740740796 0.018113425925925953
2 0.5014930555555555 0.2958333333333333 0.04917824074074062 0.01799768518518512
14 0.4395543981481481 0.3434895833333333 0.04917824074074062 0.01799768518518512
3 0.33067129629629627 0.2849537037037037 0.04908564814814813 0.014872685185185119
13 0.2566203703703704 0.3197627314814815 0.05225694444444447 0.01655092592592595
5 0.39686342592592594 0.24887152777777777 0.050555555555555645 0.011805555555555536