8 0.7611516203703703 0.8991261574074073 0.040034722222222284 0.03387731481481495
6 0.8258391203703702 0.5006134259259258 0.02886574074074062 0.02574074074074062
4 0.12865740740740741 0.3378935185185185 0.024039351851851843 0.020914351851851885
3 0.13914930555555555 0.19145833333333334 0.024039351851851843 0.020914351851851885
9 0.8671701388888888 0.26220486111111113 0.02403935185185162 0.0209143518518518
12 0.12328125000000001 0.23548032407407407 0.024039351851851888 0.0209143518518518
5 0.23346643518518517 0.1606886574074074 0.024039351851851798 0.020914351851851844
7 0.8499594907407406 0.36629050925925927 0.02716435185185162 0.021006944444444463
2 0.34469328703703705 0.22642939814814814 0.033506944444444464 0.02431712962962962
13 0.049473379629629624 0.22080439814814817 0.024039351851851853 0.0209143518518518
14 0.2555266203703704 0.27296296296296296 0.024039351851851888 0.0209143518518518