7 0.96171875 0.39921875 0.03515625 0.0390625
0 0.19609375 0.52890625 0.0265625 0.03515625
6 0.96640625 0.52890625 0.03515625 0.04375
10 0.1515625 0.4265625 0.0296875 0.03125
11 0.084375 0.4171875 0.025 0.0265625
9 0.959375 0.3015625 0.025 0.0265625
4 0.32421875 0.43125 0.025 0.0265625
12 0.2984375 0.34140625 0.0234375 0.0234375
2 0.48203125 0.31484375 0.02265625 0.0234375
14 0.4203125 0.3609375 0.02265625 0.0234375
3 0.3140625 0.3015625 0.02109375 0.02109375
13 0.240625 0.334375 0.025 0.0234375
5 0.3796875 0.2671875 0.0234375 0.0203125