6 0.6751967592592593 0.4934895833333333 0.042881944444444466 0.018055555555555537
4 0.1272222222222222 0.4575520833333333 0.03805555555555555 0.013194444444444463
14 0.22551504629629632 0.38689236111111114 0.03805555555555555 0.013194444444444463
7 0.680619212962963 0.3896701388888889 0.041319444444444464 0.017997685185185207
12 0.11781828703703705 0.3789930555555555 0.03810185185185189 0.014756944444444465
0 0.00546875 0.55078125 0.0109375 0.0109375
8 0.6528819444444445 0.8242766203703702 0.047662037037036954 0.02135416666666643
13 0.06308449074074074 0.3785300925925926 0.03805555555555555 0.013194444444444463
5 0.20041666666666663 0.3100983796296296 0.038101851851851797 0.014756944444444465
2 0.2893344907407408 0.34467592592592594 0.0396643518518518 0.014814814814814881
9 0.6861284722222223 0.30931712962962965 0.03961805555555564 0.013252314814814791
3 0.13138310185185184 0.3435185185185185 0.038101851851851845 0.014756944444444465