2 0.21999421296296298 0.42173032407407407 0.05063657407407405 0.011631944444444464
7 0.5277777777777778 0.47430555555555554 0.049131944444444464 0.013136574074074047
4 0.0841724537037037 0.5500289351851853 0.049131944444444464 0.013136574074074047
14 0.900144675925926 0.489380787037037 0.04907407407407405 0.011574074074074047
6 0.5143229166666666 0.5848090277777778 0.04907407407407405 0.011574074074074047
9 0.539525462962963 0.38883101851851853 0.05063657407407405 0.011631944444444464
12 0.08125 0.4604166666666667 0.04907407407407409 0.011574074074074047
13 0.04076967592592592 0.4580150462962963 0.04907407407407407 0.011574074074074047
8 0.47089120370370374 0.9148726851851852 0.05266203703703702 0.024189814814814525
5 0.9378182870370371 0.39904513888888893 0.049131944444444284 0.013136574074074047
5 0.1543113425925926 0.38359375 0.050694444444444466 0.013194444444444463
3 0.09832175925925926 0.420775462962963 0.05057870370370372 0.010069444444444464
14 0.16657986111111112 0.4736400462962963 0.05057870370370372 0.010069444444444464
2 0.8560185185185185 0.437962962962963 0.05370370370370381 0.01018518518518512
4 0.9678530092592592 0.5781539351851851 0.04756944444444429 0.01307870370370381