2 0.34609375 0.3609375 0.0171875 0.0171875
0 0.1328125 0.61796875 0.0171875 0.01640625
7 0.72734375 0.4359375 0.0171875 0.01640625
10 0.065625 0.5109375 0.01875 0.0171875
12 0.18515625 0.40234375 0.0171875 0.0171875
9 0.721875 0.32890625 0.01875 0.0171875
4 0.22578125 0.50625 0.0171875 0.0171875
8 0.75078125 0.9078125 0.01875 0.0203125
14 0.2984375 0.4171875 0.0171875 0.0171875
5 0.24453125 0.30625 0.01875 0.01875
6 0.73359375 0.56484375 0.01640625 0.0171875
3 0.18828125 0.35234375 0.01875 0.0171875
13 0.1296875 0.3984375 0.0140625 0.0171875