7 0.8381770833333334 0.34749421296296296 0.03971064814814795 0.025648148148148132
6 0.8254745370370369 0.5391087962962964 0.03971064814814795 0.02564814814814831
10 0.061273148148148146 0.4610590277777778 0.03805555555555555 0.022476851851851797
2 0.3679861111111111 0.22560763888888888 0.036493055555555556 0.022430555555555554
5 0.2281655092592593 0.12359374999999999 0.038101851851851797 0.024039351851851888
0 0.1645486111111111 0.6109895833333333 0.039710648148148134 0.02564814814814831
4 0.24716435185185187 0.4571122685185186 0.03814814814814813 0.025601851851851976
9 0.8499131944444445 0.16215277777777776 0.03042824074074062 0.0284953703703704
8 0.8043402777777778 0.936261574074074 0.040034722222222284 0.03658564814814795
12 0.1754861111111111 0.29453703703703704 0.03525462962962962 0.03332175925925931
3 0.16714120370370372 0.2073611111111111 0.03346064814814813 0.025462962962962975
13 0.10623263888888887 0.2872222222222222 0.030335648148148132 0.025370370370370397