7 0.4078125 0.3234375 0.0265625 0.03125
0 0.93046875 0.50625 0.0265625 0.03125
6 0.40390625 0.43125 0.0296875 0.0359375
14 0.76875 0.32265625 0.02265625 0.0265625
2 0.0875 0.2953125 0.02265625 0.0234375
13 0.8984375 0.31484375 0.0171875 0.0171875
4 0.83828125 0.40078125 0.02265625 0.0265625
12 0.85859375 0.31484375 0.025 0.0234375
2 0.725 0.2765625 0.02265625 0.02265625
10 0.96640625 0.40859375 0.025 0.0296875
9 0.4125 0.2390625 0.0265625 0.0265625
3 0.8453125 0.275 0.0171875 0.0171875
8 0.39296875 0.759375 0.04140625 0.04375
5 0.796875 0.23203125 0.0265625 0.02265625
14 0.03515625 0.34609375 0.02265625 0.0234375
5 0.0046875 0.25625 0.009375 0.0125