6 0.7916435185185184 0.541875 0.047013888888889 0.01763888888888889
7 0.7987210648148148 0.44248263888888884 0.047013888888889 0.01763888888888889
10 0.16696759259259258 0.49402777777777784 0.04702546296296295 0.019201388888888716
8 0.7684085648148148 0.8861979166666668 0.047083333333333324 0.027013888888888716
1 0.01484375 0.54765625 0.0296875 0.0171875
9 0.8028819444444444 0.3712847222222222 0.045462962962962906 0.019166666666666644
5 0.36452546296296295 0.3708680555555556 0.045462962962962906 0.019166666666666644
3 0.3255902777777778 0.38892361111111107 0.03601851851851858 0.009583333333333322
13 0.25397569444444446 0.4256770833333333 0.048541666666666664 0.012986111111111143
12 0.29539351851851847 0.4263194444444444 0.043900462962962905 0.019131944444444392
11 0.12472222222222222 0.48715277777777777 0.04702546296296295 0.019201388888888893
0 0.18396412037037038 0.5733506944444444 0.04861111111111112 0.022361111111111144
14 0.38609375 0.4344618055555555 0.04387731481481483 0.01600694444444457
4 0.3262905092592593 0.4834548611111112 0.04229166666666666 0.012847222222222144
2 0.4615509259259259 0.38902777777777775 0.04541666666666657 0.012916666666666642