5 0.7385416666666667 0.2542824074074074 0.028587962962962975 0.014583333333333304
3 0.6087962962962963 0.3208912037037037 0.028761574074074047 0.019270833333333393
13 0.4875578703703704 0.38483796296296297 0.030613425925925954 0.027141203703703633
11 0.2320601851851852 0.5202546296296295 0.03229166666666661 0.03032407407407405
1 0.02803819444444445 0.6302951388888889 0.02465277777777778 0.03472222222222214
12 0.6048900462962964 0.40552662037037035 0.03385416666666678 0.030381944444444465
10 0.3676215277777778 0.5473090277777778 0.04224537037037042 0.04629629629629637
2 0.9824652777777778 0.37667824074074074 0.03385416666666643 0.030381944444444465
14 0.8605902777777779 0.4656828703703704 0.043576388888888574 0.04010416666666679
4 0.6923611111111111 0.5916087962962964 0.035416666666666784 0.03043981481481488
0 0.50234375 0.7418113425925925 0.03576388888888893 0.03981481481481488