11 0.9698611111111113 0.4999305555555555 0.03326388888888872 0.022025462962962906
10 0.8912847222222222 0.5153587962962962 0.03326388888888872 0.022025462962962906
6 0.03046875 0.7030150462962963 0.023854166666666666 0.02039351851851858
4 0.6964409722222222 0.5378993055555557 0.03326388888888889 0.022025462962962906
14 0.5814236111111111 0.4606134259259259 0.03326388888888889 0.022025462962962906
0 0.8439409722222223 0.6352604166666667 0.03326388888888872 0.022025462962962906
5 0.6177777777777778 0.3384490740740741 0.03326388888888889 0.022025462962962993
2 0.5044618055555555 0.40804976851851854 0.03326388888888889 0.022025462962962906
12 0.7174479166666667 0.42835069444444446 0.03326388888888889 0.022025462962962906
3 0.7022395833333334 0.37689236111111113 0.03326388888888889 0.022025462962962993
13 0.78671875 0.4161168981481481 0.02531250000000007 0.015717592592592665