6 0.7574594907407407 0.46293402777777776 0.056388888888889 0.011354166666666643
8 0.7024247685185185 0.8392187499999999 0.057974537037037165 0.014513888888888715
14 0.22491319444444446 0.29973958333333334 0.05797453703703699 0.014513888888888892
12 0.09273726851851852 0.28314236111111113 0.05638888888888889 0.011354166666666643
3 0.11192708333333332 0.23661458333333335 0.05638888888888891 0.011354166666666643
2 0.29567708333333337 0.25362847222222223 0.05638888888888882 0.011354166666666643
9 0.7909548611111111 0.23793402777777778 0.056388888888889 0.011354166666666643
4 0.10594907407407408 0.37895833333333334 0.05798611111111111 0.016076388888888894
5 0.1960648148148148 0.20270833333333335 0.05638888888888886 0.011354166666666643
13 0.02421875 0.27421875 0.0484375 0.0109375
7 0.7776331018518519 0.33824652777777775 0.056388888888889 0.011354166666666643