7 0.29777199074074073 0.3999710648148148 0.02575231481481479 0.020462962962962995
8 0.324855324074074 0.9768923611111111 0.029166666666666608 0.028298611111111073
2 0.7250289351851852 0.2577835648148148 0.025694444444444464 0.018900462962962904
6 0.30691550925925926 0.5750868055555556 0.02575231481481479 0.020462962962962905
0 0.9525173611111111 0.6142534722222223 0.02575231481481488 0.020462962962962905
5 0.8514756944444445 0.1563483796296296 0.02581018518518512 0.022025462962962993
9 0.29065393518518523 0.23346643518518517 0.027314814814814882 0.02047453703703699
14 0.7781539351851852 0.3425752314814815 0.025694444444444464 0.018900462962962994
3 0.9168981481481481 0.2256018518518519 0.025925925925925953 0.025150462962962906
12 0.912326388888889 0.3068402777777778 0.02442129629629619 0.026701388888888823
4 0.8563368055555556 0.4681886574074074 0.02575231481481488 0.020462962962962905