0 0.39296875 0.5386342592592592 0.0359375 0.03789351851851848
4 0.51953125 0.4530092592592593 0.034375 0.03005787037037031
2 0.68359375 0.3359085648148148 0.034375 0.03005787037037031
14 0.61875 0.38026041666666666 0.0328125 0.02690972222222223
10 0.3796875 0.4134375 0.0328125 0.028472222222222142
12 0.51953125 0.3436342592592593 0.0328125 0.02690972222222223
3 0.540625 0.29550925925925925 0.034375 0.02537037037037031
5 0.6078125 0.2644733796296296 0.0359375 0.025393518518518475
11 0.3328125 0.3978993055555556 0.034375 0.02849537037037031
13 0.47109375 0.3296354166666666 0.0359375 0.026956018518518476
1 0.21953125 0.4524710648148148 0.040625 0.03483796296296297