2 0.830931712962963 0.2857175925925926 0.020439814814814737 0.017465277777777823
7 0.5157060185185186 0.3349479166666667 0.01887731481481474 0.017442129629629655
12 0.9765451388888888 0.3284953703703704 0.018877314814815093 0.017442129629629655
6 0.5258854166666667 0.4436805555555555 0.020439814814814737 0.017465277777777642
4 0.9647222222222223 0.41971643518518514 0.01887731481481474 0.017442129629629655
3 0.9590393518518517 0.2852719907407407 0.020439814814815094 0.017465277777777823
13 0.006510416666666667 0.35162037037037036 0.009513888888888891 0.018865740740740745
14 0.8828761574074073 0.33804398148148146 0.01887731481481474 0.017442129629629655
9 0.5080555555555556 0.25125000000000003 0.020451388888888998 0.01902777777777782
8 0.5548900462962962 0.7737615740740742 0.023634259259259237 0.026886574074073976
5 0.9009490740740741 0.24691550925925929 0.018888888888889 0.019004629629629656
5 0.10898726851851852 0.2656481481481482 0.023541666666666662 0.014386574074074154
3 0.057743055555555554 0.3078530092592593 0.021956018518518517 0.011238425925925988
12 0.05026041666666666 0.3522685185185185 0.017303240740740744 0.01585648148148149
2 0.19127893518518518 0.30201967592592593 0.017303240740740744 0.01585648148148149
14 0.14557291666666666 0.35368055555555555 0.020474537037037034 0.02215277777777782
4 0.07280092592592594 0.4424363425925925 0.02358796296296295 0.020636574074073977