0 0.990625 0.6207870370370371 0.0125 0.017245370370370237
6 0.253125 0.5668749999999999 0.0234375 0.020451388888888998
12 0.8796875 0.42473379629629626 0.0234375 0.018888888888889
7 0.25078125 0.44814236111111116 0.025 0.018900462962962904
4 0.8578125 0.5139583333333333 0.0234375 0.02045138888888882
2 0.6921875 0.38862268518518517 0.0234375 0.01888888888888891
14 0.75625 0.43502314814814813 0.025 0.018900462962962904
9 0.2484375 0.3583159722222222 0.0234375 0.02045138888888891
5 0.79375 0.3456828703703704 0.025 0.018900462962962904
13 0.9390625 0.41960648148148144 0.025 0.018900462962962904
3 0.8671875 0.3818576388888889 0.025 0.018900462962962994
8 0.259375 0.9246412037037036 0.028125 0.028298611111111427