7 0.1390625 0.42407407407407405 0.02545138888888889 0.01905092592592581
4 0.6703993055555555 0.46320601851851856 0.02545138888888889 0.01905092592592581
6 0.14684027777777778 0.5664236111111111 0.02545138888888889 0.01905092592592581
0 0.7814756944444444 0.5641030092592592 0.02545138888888889 0.01905092592592581
10 0.8088368055555556 0.45822337962962967 0.025451388888888715 0.01905092592592581
5 0.6080381944444444 0.2801909722222222 0.02545138888888889 0.019050925925925898
9 0.13125 0.31845486111111115 0.02545138888888889 0.01905092592592599
8 0.1720486111111111 0.9794328703703703 0.026944444444444438 0.015949074074073977
11 0.86296875 0.4488657407407407 0.025451388888888715 0.01905092592592581
2 0.5287499999999999 0.3313773148148148 0.02545138888888889 0.01905092592592599
13 0.7305208333333334 0.36015625 0.02545138888888889 0.019050925925925898
3 0.6696701388888889 0.3201793981481481 0.02545138888888889 0.01905092592592599
14 0.5846180555555556 0.3845659722222222 0.02545138888888889 0.01905092592592599
12 0.6842534722222222 0.3672858796296296 0.02545138888888889 0.01905092592592599
1 0.9738020833333334 0.5255324074074075 0.025451388888888715 0.01905092592592581