6 0.45494212962962965 0.5359375 0.04894675925925931 0.0078125
4 0.9238657407407407 0.4890625 0.048993055555555644 0.009375
14 0.8361689814814814 0.4296875 0.047384259259259306 0.0078125
8 0.45542245370370366 0.8421875 0.04908564814814831 0.0125
2 0.783611111111111 0.39609375 0.04894675925925922 0.0078125
7 0.45547453703703705 0.4484375 0.04894675925925931 0.0078125
5 0.04581597222222222 0.4125 0.047384259259259265 0.0078125
13 0.9733217592592591 0.41796875 0.04743055555555529 0.009375
12 0.9296412037037036 0.4203125 0.047384259259259306 0.0078125
9 0.4559664351851852 0.3859375 0.048993055555555644 0.009375
3 0.913136574074074 0.390625 0.04743055555555564 0.009375
5 0.8537557870370371 0.3640625 0.047384259259259306 0.0078125