10 0.05234375 0.5390625 0.0203125 0.01875
2 0.3296875 0.3890625 0.01875 0.0171875
0 0.1203125 0.6421875 0.0203125 0.01875
7 0.70078125 0.45859375 0.01484375 0.01484375
8 0.725 0.9171875 0.01875 0.0203125
9 0.69609375 0.35546875 0.0171875 0.0171875
5 0.23125 0.3359375 0.01875 0.01875
14 0.284375 0.44375 0.0171875 0.0171875
12 0.17265625 0.4296875 0.01875 0.01875
3 0.17421875 0.38203125 0.01875 0.01875
6 0.70703125 0.5828125 0.01640625 0.01640625
4 0.2125 0.53203125 0.01875 0.0171875
13 0.11640625 0.42734375 0.01484375 0.01640625