11 0.8033738425925925 0.33813657407407405 0.05325231481481509 0.02215277777777782
0 0.7285706018518519 0.47129050925925925 0.05326388888888882 0.02371527777777782
4 0.6043981481481481 0.373900462962963 0.051701388888889 0.023692129629629653
1 0.9241782407407406 0.4027604166666666 0.051701388888889 0.023692129629629653
2 0.44021412037037033 0.2544444444444444 0.05325231481481474 0.02215277777777782
6 0.04004050925925926 0.5533738425925926 0.05168981481481483 0.022129629629629655
3 0.592349537037037 0.22406249999999997 0.053263888888889 0.02371527777777782
10 0.7511458333333334 0.354537037037037 0.051701388888889 0.023692129629629653
13 0.6582349537037038 0.2582465277777778 0.051701388888889 0.023692129629629653
7 0.02109375 0.39765625 0.0421875 0.0234375
12 0.6122164351851852 0.26908564814814817 0.053263888888889 0.02371527777777782
5 0.5233333333333333 0.18914351851851854 0.051701388888888825 0.023692129629629653
14 0.5069849537037037 0.30267939814814815 0.05325231481481474 0.02215277777777782