11 0.8919965277777777 0.3358506944444445 0.04278935185185162 0.025300925925925987
6 0.11884837962962962 0.4956770833333334 0.042789351851851884 0.02530092592592581
10 0.8323206018518519 0.3468865740740741 0.04278935185185162 0.025300925925925987
0 0.8131134259259258 0.44166087962962963 0.04278935185185162 0.02530092592592581
4 0.6827083333333334 0.3623784722222222 0.0427893518518518 0.025300925925925987
7 0.12372106481481482 0.3839351851851852 0.04278935185185184 0.0253009259259259
5 0.6148611111111111 0.22750578703703703 0.0427893518518518 0.0253009259259259
9 0.1270023148148148 0.2995486111111111 0.042789351851851884 0.0253009259259259
14 0.5890625 0.30754050925925924 0.0427893518518518 0.0253009259259259
3 0.6781134259259259 0.253900462962963 0.0427893518518518 0.0253009259259259
13 0.7414351851851851 0.2779513888888889 0.042789351851851974 0.0253009259259259
2 0.5283391203703703 0.2748611111111111 0.0427893518518518 0.025300925925925987
12 0.6943287037037037 0.2864583333333333 0.0427893518518518 0.025300925925925987
8 0.09906828703703704 0.8996990740740742 0.047662037037037044 0.031620370370370667