7 0.3834548611111111 0.3255497685185185 0.03979166666666671 0.03300925925925924
0 0.9270138888888889 0.47881944444444446 0.04138888888888879 0.03458333333333332
6 0.38491319444444444 0.43573495370370374 0.04614583333333329 0.03774305555555557
14 0.7527951388888889 0.30171875000000004 0.038124999999999964 0.028310185185185154
2 0.054670138888888886 0.31764467592592593 0.03805555555555555 0.025185185185185154
13 0.8852083333333333 0.2855092592592593 0.03166666666666664 0.018888888888888823
4 0.8269097222222221 0.3772800925925926 0.038125000000000145 0.028310185185185154
12 0.8437326388888888 0.2883275462962963 0.03961805555555529 0.025196759259259238
2 0.7053472222222222 0.2568287037037037 0.03802083333333339 0.023622685185185156
10 0.9581770833333334 0.37747106481481485 0.04135416666666671 0.03302083333333332
9 0.38381944444444444 0.23881944444444442 0.04281249999999996 0.028344907407407405
3 0.8274479166666666 0.2475752314814815 0.03326388888888872 0.020462962962962905
8 0.38994791666666667 0.7717650462962963 0.05888888888888886 0.04877314814814824
5 0.7759895833333333 0.20734375 0.041145833333333395 0.02364583333333332
14 0.01015625 0.37265625 0.0203125 0.0265625