0 0.6296875 0.5328125 0.0171875 0.0171875
11 0.7046875 0.44296875 0.0171875 0.0171875
6 0.06171875 0.57578125 0.0171875 0.0171875
13 0.59453125 0.39296875 0.0171875 0.0171875
7 0.0625 0.4765625 0.0171875 0.0171875
3 0.54140625 0.371875 0.0171875 0.0171875
4 0.5375 0.4671875 0.0171875 0.0171875
2 0.41484375 0.3890625 0.0171875 0.0171875
14 0.4625 0.4203125 0.0171875 0.0171875
5 0.4921875 0.34921875 0.0171875 0.0171875
1 0.79609375 0.4890625 0.0171875 0.0171875
9 0.0625 0.4 0.0171875 0.0171875
10 0.65859375 0.45546875 0.0171875 0.0171875
12 0.55390625 0.4015625 0.0171875 0.0171875
8 0.0625 0.8734375 0.03359375 0.0296875