14 0.03791666666666667 0.3659259259259259 0.03607638888888889 0.01576388888888882
2 0.09537037037037037 0.30931712962962965 0.03606481481481483 0.014201388888888911
7 0.4451331018518518 0.3439409722222222 0.036076388888889 0.01576388888888882
6 0.4418981481481481 0.46423611111111107 0.036076388888889 0.015763888888889
4 0.9319675925925927 0.4373958333333333 0.03606481481481474 0.014201388888888822
9 0.4489351851851852 0.25255787037037036 0.03606481481481474 0.014201388888888911
12 0.9537905092592591 0.33911458333333333 0.034513888888889 0.015752314814814827
3 0.9424131944444444 0.2929340277777778 0.036076388888889 0.01576388888888882
5 0.8833622685185185 0.24874421296296295 0.03606481481481474 0.014201388888888822
8 0.42983217592592593 0.8274479166666666 0.03922453703703717 0.01891203703703681
2 0.7963020833333333 0.29419560185185184 0.03922453703703717 0.018912037037037078
14 0.8490277777777777 0.34849537037037037 0.037662037037036813 0.018900462962962994
5 0.01328125 0.265625 0.0265625 0.01875