14 0.1359375 0.38414930555555554 0.0453125 0.011064814814814828
2 0.91171875 0.3424652777777778 0.046875 0.012638888888888911
6 0.5375 0.5038310185185185 0.046875 0.011076388888889
7 0.54453125 0.3819039351851852 0.046875 0.011076388888888821
4 0.0453125 0.47153935185185186 0.0453125 0.012627314814814739
3 0.04609375 0.3270023148148148 0.0453125 0.011064814814814828
9 0.55 0.2881134259259259 0.0453125 0.011064814814814828
12 0.0328125 0.37397569444444445 0.0453125 0.011064814814814828
8 0.5171875 0.8750752314814815 0.05 0.02359953703703681
14 0.96953125 0.4029745370370371 0.0484375 0.012650462962962905
5 0.1109375 0.28433449074074074 0.04375 0.012615740740740743
2 0.19296875 0.3282581018518519 0.0453125 0.009502314814814738