2 0.18752314814814816 0.3111979166666667 0.019004629629629656 0.017881944444444464
6 0.5749652777777777 0.5039930555555555 0.020636574074073977 0.02262731481481488
8 0.5910358796296296 0.9028356481481481 0.02385416666666664 0.028993055555555713
14 0.1313136574074074 0.36877893518518523 0.019004629629629656 0.017881944444444464
7 0.5714699074074074 0.37358217592592596 0.017465277777777642 0.01938657407407405
3 0.02337962962962963 0.31180555555555556 0.019027777777777775 0.019444444444444466
4 0.03665509259259259 0.469212962962963 0.02222222222222222 0.02424768518518512
12 0.016273148148148148 0.3597511574074074 0.012754629629629633 0.017650462962962975
5 0.09225115740740741 0.26469907407407406 0.017465277777777777 0.01938657407407405
9 0.5668981481481481 0.2760416666666667 0.017442129629629478 0.017824074074074048
2 0.9570601851851851 0.3358506944444445 0.03157407407407433 0.02303240740740744