0 0.371875 0.5328125 0.0171875 0.0171875
10 0.3453125 0.4578125 0.0171875 0.0171875
14 0.53046875 0.42421875 0.0171875 0.0171875
11 0.3 0.45078125 0.0171875 0.0171875
6 0.9015625 0.5671875 0.0171875 0.0171875
7 0.90234375 0.4765625 0.0171875 0.0171875
3 0.4546875 0.38203125 0.0171875 0.0171875
2 0.57421875 0.39609375 0.0171875 0.0171875
1 0.2171875 0.49140625 0.0171875 0.0171875
9 0.90234375 0.4046875 0.0171875 0.0171875
12 0.4453125 0.4046875 0.0171875 0.0171875
5 0.503125 0.36015625 0.0171875 0.0171875
13 0.4046875 0.4015625 0.0171875 0.0171875
8 0.89921875 0.8453125 0.0171875 0.0171875
4 0.4578125 0.471875 0.0171875 0.01484375