6 0.0484375 0.66953125 0.025 0.025
7 0.0359375 0.4625 0.0234375 0.025
2 0.52265625 0.2828125 0.0171875 0.0171875
5 0.6453125 0.1765625 0.02109375 0.0203125
10 0.83671875 0.48359375 0.0203125 0.02109375
0 0.7546875 0.6484375 0.0171875 0.0171875
4 0.65859375 0.5015625 0.0203125 0.02109375
13 0.7765625 0.31796875 0.01875 0.01875
9 0.02109375 0.27421875 0.0203125 0.02109375
11 0.91484375 0.46484375 0.0203125 0.02109375
12 0.71015625 0.33125 0.0171875 0.0171875
3 0.71484375 0.25078125 0.0203125 0.01875
14 0.57734375 0.37421875 0.0203125 0.02265625