6 0.33359375 0.4640625 0.02109375 0.0203125
4 0.86015625 0.4125 0.0171875 0.0171875
14 0.76171875 0.3484375 0.0171875 0.0171875
7 0.32421875 0.36484375 0.0203125 0.0203125
12 0.865625 0.3359375 0.0171875 0.0171875
0 0.99140625 0.49765625 0.0171875 0.0140625
8 0.3671875 0.78203125 0.0265625 0.025
13 0.91796875 0.334375 0.0171875 0.0171875
5 0.7828125 0.2734375 0.0171875 0.0171875
2 0.69921875 0.309375 0.0171875 0.0171875
9 0.31640625 0.2875 0.0171875 0.0171875
3 0.85078125 0.30390625 0.0171875 0.0171875