14 0.60703125 0.4234375 0.0171875 0.0171875
6 0.13203125 0.57265625 0.0171875 0.0171875
11 0.90625 0.48125 0.0171875 0.0171875
10 0.8390625 0.4890625 0.0171875 0.0171875
2 0.5578125 0.37578125 0.0171875 0.0171875
0 0.77109375 0.5828125 0.0171875 0.0171875
4 0.68125 0.49453125 0.0171875 0.0171875
12 0.7234375 0.4046875 0.0171875 0.0171875
5 0.6640625 0.32578125 0.0171875 0.0171875
8 0.10546875 0.8703125 0.0171875 0.0171875
7 0.14140625 0.4609375 0.0171875 0.0171875
13 0.77734375 0.3984375 0.0171875 0.0171875
9 0.14921875 0.3578125 0.0171875 0.0171875
3 0.7234375 0.3625 0.0171875 0.0171875