7 0.9593113425925927 0.48606481481481484 0.039409722222222145 0.020497685185185154
6 0.9351041666666667 0.6960648148148149 0.03630787037037031 0.022037037037037167
2 0.4637210648148148 0.2901851851851852 0.03309027777777782 0.01576388888888891
5 0.33884837962962966 0.17518518518518517 0.036261574074074064 0.018912037037037033
0 0.20980902777777777 0.6578761574074073 0.034652777777777824 0.015775462962962904
10 0.1327141203703704 0.48228587962962965 0.03469907407407406 0.018900462962962904
13 0.1992650462962963 0.3147916666666667 0.034652777777777824 0.015775462962962995
9 0.9763020833333332 0.2885127314814815 0.03311342592592581 0.017326388888888912
11 0.05252314814814816 0.46293981481481483 0.037824074074074066 0.01892361111111107
3 0.2674479166666667 0.24810185185185185 0.03787037037037031 0.02204861111111107
12 0.2669675925925926 0.3332638888888889 0.026886574074074066 0.018842592592592577
14 0.4022337962962963 0.37958333333333333 0.02693287037037031 0.021967592592592577
4 0.31439814814814815 0.5070717592592592 0.03322916666666664 0.025138888888889