10 0.3677372685185185 0.5961805555555555 0.041018518518518475 0.05368055555555564
11 0.19888310185185185 0.5846180555555556 0.037835648148148146 0.04582175925925931
14 0.7267708333333334 0.4392824074074074 0.0331018518518519 0.03950231481481481
3 0.34922453703703704 0.3120486111111111 0.029895833333333323 0.028518518518518478
0 0.7043807870370371 0.7919965277777777 0.04253472222222214 0.04745370370370381
12 0.43898726851851855 0.4052604166666667 0.029965277777777643 0.03789351851851848
13 0.299849537037037 0.39716435185185184 0.033078703703703735 0.03637731481481481
2 0.7338252314814815 0.33682291666666664 0.02995370370370374 0.03633101851851848
1 0.10869212962962962 0.7500347222222222 0.03312499999999998 0.04262731481481481
4 0.7185937499999999 0.6011400462962964 0.0315393518518519 0.03947916666666664
5 0.3947222222222222 0.23089699074074072 0.03299768518518516 0.02543981481481481