0 0.05546875 0.4484375 0.0171875 0.0171875
6 0.6796875 0.4359375 0.0171875 0.0171875
13 0.1265625 0.29296875 0.0171875 0.0171875
4 0.18125 0.36796875 0.0171875 0.0171875
2 0.33046875 0.27421875 0.0171875 0.0171875
14 0.27265625 0.3109375 0.0171875 0.0171875
7 0.6921875 0.33984375 0.0171875 0.0171875
8 0.64140625 0.73828125 0.01875 0.025
12 0.17421875 0.296875 0.0171875 0.0171875
10 0.0359375 0.36640625 0.0171875 0.0171875
9 0.7015625 0.2703125 0.0171875 0.0171875
3 0.190625 0.265625 0.0171875 0.0171875
5 0.25234375 0.23984375 0.0171875 0.0171875