0 0.94453125 0.4484375 0.0171875 0.0171875
6 0.3203125 0.4359375 0.0171875 0.0171875
13 0.8734375 0.29296875 0.0171875 0.0171875
4 0.81875 0.36796875 0.0171875 0.0171875
2 0.66953125 0.27421875 0.0171875 0.0171875
14 0.72734375 0.3109375 0.0171875 0.0171875
7 0.3078125 0.33984375 0.0171875 0.0171875
8 0.35859375 0.73828125 0.01875 0.025
12 0.82578125 0.296875 0.0171875 0.0171875
10 0.9640625 0.36640625 0.0171875 0.0171875
9 0.2984375 0.2703125 0.0171875 0.0171875
3 0.809375 0.265625 0.0171875 0.0171875
5 0.74765625 0.23984375 0.0171875 0.0171875