10 0.9828125 0.39609375 0.034375 0.0171875
4 0.832829861111111 0.3936053240740741 0.03947916666666664 0.018877314814814826
0 0.9676041666666666 0.4828703703703704 0.039444444444444574 0.017314814814814738
7 0.28199652777777773 0.35203125 0.042604166666666644 0.018900462962962904
12 0.8389756944444444 0.31866319444444446 0.03947916666666664 0.01887731481481474
2 0.6688888888888889 0.2924074074074074 0.04104166666666664 0.01888888888888891
14 0.7346701388888889 0.3350752314814815 0.03947916666666664 0.01887731481481474
6 0.29444444444444445 0.45523148148148146 0.04111111111111114 0.022013888888888822
3 0.8201909722222223 0.2818113425925926 0.04100694444444457 0.017326388888888912
13 0.892048611111111 0.3167129629629629 0.039444444444444574 0.017314814814814738
5 0.7523958333333333 0.25396990740740744 0.04104166666666664 0.01888888888888891
8 0.33928819444444447 0.7859780092592593 0.05395833333333329 0.03773148148148149
9 0.27085069444444443 0.27227430555555554 0.03947916666666664 0.018877314814814826