11 0.2385127314814815 0.5364409722222222 0.06359953703703702 0.028680555555555643
10 0.3697627314814815 0.5546006944444445 0.0703125 0.041319444444444464
13 0.48599537037037044 0.3880902777777778 0.06510416666666678 0.027152777777777713
14 0.854832175925926 0.44078125 0.06695601851851833 0.03500000000000014
0 0.5044270833333334 0.7334895833333334 0.06880787037037024 0.04284722222222222
4 0.6890335648148149 0.5756076388888889 0.06863425925925917 0.03815972222222221
3 0.6048900462962963 0.31831597222222224 0.061979166666666606 0.027083333333333393
12 0.6002314814814815 0.4019444444444444 0.0653356481481481 0.03340277777777771
5 0.7294560185185185 0.24295138888888887 0.06336805555555554 0.022430555555555554
2 0.96796875 0.34453125 0.0640625 0.0328125
1 0.03961226851851852 0.6587326388888888 0.06371527777777777 0.03180555555555564