0 0.626273148148148 0.5515740740740741 0.04090277777777764 0.014201388888888822
11 0.7096354166666667 0.46233796296296303 0.03931712962962965 0.012627314814814739
6 0.03920717592592593 0.5706655092592593 0.040902777777777774 0.014201388888889
13 0.5971759259259259 0.4060300925925926 0.040879629629629655 0.012638888888888821
7 0.04384837962962963 0.4683449074074074 0.040879629629629634 0.012638888888889
3 0.5444212962962963 0.3806365740740741 0.04090277777777782 0.014201388888888911
4 0.5351388888888888 0.4797974537037037 0.03931712962962965 0.012627314814814739
2 0.412962962962963 0.39372685185185186 0.03934027777777782 0.014189814814814827
14 0.46012152777777776 0.42767361111111113 0.040879629629629655 0.012638888888888821
5 0.4947800925925926 0.3560474537037037 0.03931712962962965 0.012627314814814739
1 0.8010821759259258 0.5130208333333334 0.03931712962962948 0.012627314814814739
9 0.04814236111111111 0.38946180555555554 0.040902777777777774 0.014201388888888911
10 0.6610474537037037 0.4721354166666666 0.03931712962962965 0.012627314814814739
12 0.5548958333333334 0.4119675925925925 0.040879629629629655 0.012638888888889
8 0.02578125 0.878125 0.0515625 0.028125