7 0.1306423611111111 0.40140624999999996 0.03297453703703703 0.022361111111111144
8 0.18183449074074073 0.9799826388888888 0.0345601851851852 0.02552083333333357
6 0.14652777777777776 0.5775694444444445 0.03297453703703708 0.022361111111111144
0 0.7630960648148148 0.5693923611111111 0.03140046296296291 0.020763888888888894
2 0.5466956018518518 0.24734375000000003 0.02668981481481474 0.017534722222222143
5 0.6568055555555555 0.15055555555555555 0.03295138888888882 0.0192361111111111
4 0.6749710648148148 0.44085069444444447 0.03140046296296291 0.020763888888888894
11 0.9049363425925925 0.40845486111111107 0.03297453703703681 0.022361111111111144
14 0.597667824074074 0.32817708333333334 0.029826388888888822 0.019166666666666644
10 0.8321759259259259 0.4209027777777778 0.02984953703703681 0.022291666666666644
12 0.7151736111111111 0.28781249999999997 0.02980324074074083 0.01604166666666664
9 0.11078703703703704 0.23374999999999999 0.02982638888888891 0.019166666666666644
13 0.7793055555555556 0.2798611111111111 0.0329629629629629 0.020798611111111143
3 0.7196122685185186 0.21602430555555557 0.029826388888889 0.019166666666666644