12 0.1765625 0.4734375 0.0171875 0.01875
9 0.6875 0.43046875 0.0171875 0.0171875
3 0.18671875 0.42734375 0.01875 0.0171875
5 0.2453125 0.38828125 0.01875 0.01875
8 0.63515625 0.96328125 0.0203125 0.02265625
0 0.0984375 0.6734375 0.0171875 0.0171875
10 0.0515625 0.5671875 0.01875 0.0171875
7 0.678125 0.52734375 0.01640625 0.01640625
4 0.2015625 0.5703125 0.0171875 0.01640625
6 0.66640625 0.64609375 0.01640625 0.0171875
13 0.1265625 0.46796875 0.01875 0.0171875
2 0.3328125 0.4421875 0.0171875 0.0171875
14 0.2796875 0.49375 0.0171875 0.01484375