6 0.74765625 0.509375 0.0171875 0.0171875
14 0.28046875 0.3421875 0.0171875 0.0171875
9 0.7421875 0.25859375 0.0171875 0.0171875
12 0.1671875 0.32421875 0.0171875 0.0171875
0 0.0671875 0.55625 0.0171875 0.0171875
7 0.74375 0.36796875 0.0171875 0.0171875
4 0.1890625 0.43359375 0.0171875 0.0171875
5 0.24453125 0.2296875 0.0171875 0.0171875
10 0.025 0.43359375 0.0171875 0.0171875
2 0.33671875 0.28515625 0.0171875 0.0171875
3 0.17890625 0.2734375 0.0171875 0.0171875
13 0.11328125 0.31796875 0.0171875 0.0171875
8 0.7578125 0.95234375 0.025 0.0296875