0 0.18511574074074075 0.528587962962963 0.043912037037037076 0.02112268518518512
9 0.856070601851852 0.3238136574074074 0.040763888888889 0.017881944444444464
10 0.16085069444444447 0.41600115740740745 0.04076388888888891 0.017881944444444464
12 0.29065972222222225 0.3317708333333333 0.03920138888888882 0.017824074074074048
4 0.29923032407407407 0.4344039351851852 0.045486111111111074 0.022743055555555537
6 0.8329398148148147 0.5752314814814815 0.039201388888889 0.017824074074074048
14 0.39163194444444444 0.36128472222222224 0.03918981481481474 0.016261574074074046
5 0.3713078703703704 0.25353009259259257 0.03918981481481483 0.016261574074074046
2 0.45217592592592587 0.3104166666666667 0.039201388888889 0.017824074074074048
13 0.24373842592592593 0.3237847222222222 0.03920138888888891 0.017824074074074048
3 0.3075173611111111 0.28787615740740746 0.03918981481481483 0.016261574074074046
8 0.7915798611111111 0.9919126157407409 0.05962962962962966 0.014612268518518334
7 0.845954861111111 0.4343460648148148 0.039189814814815094 0.016261574074074046
11 0.10610532407407407 0.4061631944444445 0.04704861111111112 0.022800925925925954