7 0.41550925925925924 0.3311111111111111 0.02251157407407405 0.016006944444444393
6 0.42774884259259255 0.4221701388888889 0.02262731481481488 0.01913194444444457
2 0.018402777777777775 0.34618055555555555 0.02413194444444445 0.017604166666666643
14 0.8395833333333332 0.28343749999999995 0.022569444444444288 0.017569444444444395
12 0.9473090277777778 0.26230902777777776 0.025694444444444287 0.01763888888888889
4 0.9399305555555557 0.3350694444444445 0.024131944444444286 0.017604166666666643
8 0.4721064814814815 0.7209375 0.02910879629629619 0.025520833333333215
9 0.4056423611111112 0.2602951388888889 0.024074074074074046 0.01604166666666664
3 0.9289641203703705 0.23071180555555557 0.02251157407407405 0.016006944444444393
5 0.8612268518518519 0.20489583333333333 0.025694444444444287 0.01763888888888889
2 0.7791377314814815 0.2504340277777778 0.028993055555555536 0.022395833333333393