2 0.7268229166666667 0.24953124999999998 0.03819444444444446 0.01592592592592599
6 0.35789930555555555 0.39804398148148146 0.03663194444444447 0.01590277777777773
4 0.8822916666666668 0.3527546296296296 0.038252314814814524 0.017488425925925987
7 0.34881365740740744 0.30046875 0.03668981481481488 0.017465277777777823
13 0.9420717592592591 0.27839120370370374 0.03663194444444429 0.01590277777777782
12 0.8905960648148149 0.2814988425925926 0.038252314814814524 0.017488425925925987
14 0.7869212962962963 0.2892881944444444 0.03663194444444447 0.01590277777777782
8 0.3947337962962963 0.7172048611111111 0.04473379629629637 0.023831018518518477
9 0.34129050925925924 0.22397569444444443 0.03819444444444446 0.01592592592592599
5 0.8084490740740741 0.21627314814814813 0.03668981481481488 0.017465277777777823
3 0.8712962962962962 0.2458275462962963 0.03321759259259238 0.008043981481481489