10 0.9044328703703703 0.49296875 0.047013888888889 0.0265625
4 0.7873206018518518 0.503125 0.047013888888889 0.0265625
7 0.37704861111111115 0.4875 0.04545138888888882 0.0265625
6 0.38077546296296294 0.56875 0.04701388888888882 0.0265625
2 0.06694444444444445 0.49453125 0.04546296296296295 0.028125
11 0.9497048611111112 0.4875 0.045462962962962906 0.028125
12 0.8001099537037037 0.43671875 0.045462962962962906 0.028125
0 0.8792129629629629 0.56875 0.045451388888889 0.0265625
8 0.01171875 0.17265625 0.0234375 0.0265625
14 0.021875 0.53515625 0.04375 0.0265625
5 0.7388310185185185 0.390625 0.04545138888888882 0.0265625
3 0.7897685185185186 0.41171875 0.047013888888889 0.0265625
9 0.3742592592592593 0.42734375 0.04702546296296291 0.028125
13 0.8399131944444445 0.43125 0.04702546296296291 0.028125
8 0.3918981481481481 0.8046875 0.058067129629629656 0.0421875
2 0.6742418981481482 0.425 0.04543981481481474 0.025
14 0.7182118055555555 0.4546875 0.04387731481481474 0.025