10 0.7579108796296297 0.3240914351851852 0.0564004629629629 0.028275462962962905
4 0.610474537037037 0.35487268518518517 0.0564004629629629 0.028275462962962905
7 0.01875 0.4078125 0.0375 0.028125
2 0.4330324074074074 0.2374305555555556 0.0564004629629629 0.028275462962962905
1 0.9418229166666666 0.36570023148148145 0.0564004629629629 0.028275462962962905
11 0.8148090277777778 0.3057002314814815 0.0564004629629629 0.028275462962962995
13 0.6580150462962964 0.23342013888888888 0.0564004629629629 0.028275462962962995
12 0.608101851851852 0.24550925925925923 0.0564004629629629 0.028275462962962905
6 0.041672453703703705 0.5630034722222221 0.05640046296296297 0.028275462962962905
14 0.5029224537037036 0.2853530092592592 0.0564004629629629 0.028275462962962905
3 0.5858854166666667 0.1995775462962963 0.0564004629629629 0.02827546296296295
5 0.5121874999999999 0.16496527777777778 0.0564004629629629 0.028275462962962995
0 0.7447511574074074 0.4460706018518518 0.06896990740740741 0.03774305555555557