10 0.0546875 0.43828125 0.0171875 0.0171875
2 0.309375 0.303125 0.0171875 0.0171875
7 0.6453125 0.3640625 0.0171875 0.0171875
6 0.64921875 0.48125 0.0171875 0.0171875
0 0.0890625 0.53984375 0.0171875 0.0171875
4 0.1875 0.43046875 0.0171875 0.0171875
12 0.1703125 0.34140625 0.0171875 0.0171875
14 0.26328125 0.3546875 0.0171875 0.0171875
5 0.2328125 0.2640625 0.0171875 0.0171875
9 0.64296875 0.27421875 0.0171875 0.0171875
3 0.1796875 0.30234375 0.0171875 0.0171875
8 0.6609375 0.8390625 0.0234375 0.0265625
13 0.12421875 0.340625 0.0171875 0.0171875