14 0.7523148148148148 0.48194444444444445 0.027430555555555534 0.023888888888888894
6 0.2598958333333333 0.5828125 0.025694444444444464 0.019166666666666644
4 0.8455150462962961 0.5622048611111111 0.03530092592592595 0.02562500000000014
0 0.9650462962962962 0.6704166666666667 0.019444444444444285 0.01902777777777782
8 0.22702546296296297 0.9214236111111112 0.037152777777777854 0.033472222222222216
5 0.7969039351851851 0.3969270833333334 0.025636574074074048 0.017604166666666643
12 0.872974537037037 0.47524305555555557 0.024131944444444286 0.019131944444444392
3 0.8650752314814815 0.43519097222222225 0.024074074074074046 0.01756944444444457
13 0.9331886574074074 0.47501736111111115 0.025636574074074048 0.017604166666666643
9 0.27965856481481477 0.38699652777777777 0.024131944444444463 0.019131944444444483
2 0.6962962962962963 0.4322222222222223 0.024131944444444463 0.01913194444444457
7 0.27175925925925926 0.4736111111111111 0.024074074074074046 0.01756944444444457