2 0.10703125 0.3453125 0.0171875 0.0171875
6 0.42421875 0.50546875 0.0171875 0.0171875
4 0.87890625 0.4796875 0.0203125 0.0265625
12 0.89140625 0.384375 0.0171875 0.0171875
7 0.4296875 0.38359375 0.0171875 0.0171875
5 0.825 0.29609375 0.0171875 0.0171875
13 0.93515625 0.3828125 0.0171875 0.0171875
14 0.80078125 0.38984375 0.0203125 0.025
0 0.9828125 0.60234375 0.0234375 0.02109375
9 0.43359375 0.29296875 0.0171875 0.0171875
8 0.4078125 0.8984375 0.0296875 0.02890625
3 0.88046875 0.3390625 0.0171875 0.0171875
2 0.75234375 0.33671875 0.02265625 0.0171875
14 0.0515625 0.4046875 0.0234375 0.02265625
5 0.03203125 0.30625 0.01875 0.02109375