6 0.7785995370370371 0.5742013888888888 0.028310185185185154 0.025520833333333392
7 0.7756770833333333 0.3906423611111111 0.02828703703703699 0.022395833333333393
5 0.1992071759259259 0.2049826388888889 0.025150462962962992 0.020763888888888894
0 0.1330787037037037 0.6659027777777778 0.028298611111111073 0.023958333333333214
10 0.03666087962962963 0.5188020833333333 0.028287037037037034 0.022395833333333216
2 0.32796296296296296 0.28729166666666667 0.025127314814814828 0.01763888888888889
4 0.21553819444444447 0.5109201388888889 0.028298611111111073 0.023958333333333394
9 0.7705150462962963 0.22119791666666666 0.023611111111111072 0.02385416666666664
14 0.28254629629629624 0.37972222222222224 0.023622685185185156 0.025416666666666643
12 0.15112268518518518 0.35920138888888886 0.02045138888888891 0.01909722222222223
3 0.14116319444444442 0.28050347222222227 0.018877314814814826 0.01750000000000007
13 0.08467013888888889 0.35442708333333334 0.02052083333333332 0.028472222222222232