12 0.8820717592592594 0.3172858796296296 0.050555555555555284 0.02863425925925931
6 0.2687615740740741 0.48254629629629625 0.053726851851851797 0.030289351851851977
2 0.6868692129629629 0.2888657407407408 0.050555555555555645 0.02863425925925931
4 0.8823206018518519 0.40471643518518513 0.052118055555555286 0.028680555555555643
8 0.3322164351851852 0.8590972222222222 0.060254629629629616 0.039849537037036954
7 0.24580439814814814 0.3663425925925926 0.050555555555555555 0.02863425925925931
14 0.7599247685185185 0.3308391203703704 0.050555555555555645 0.02863425925925931
9 0.23137731481481483 0.2745891203703704 0.053726851851851797 0.030289351851851797
3 0.8621412037037036 0.2768865740740741 0.050555555555555284 0.02863425925925931
5 0.779207175925926 0.24398726851851854 0.05050925925925931 0.02707175925925931
13 0.9459259259259258 0.3121527777777778 0.050555555555555645 0.02863425925925931