6 0.7670833333333333 0.5315624999999999 0.03621527777777782 0.020590277777777822
14 0.2902025462962963 0.344849537037037 0.034629629629629656 0.019004629629629656
9 0.761724537037037 0.2752893518518518 0.034652777777777824 0.020567129629629654
12 0.17428819444444446 0.32360532407407405 0.034652777777777824 0.020567129629629654
0 0.07074074074074074 0.5571759259259259 0.034652777777777775 0.020567129629629654
7 0.7633796296296296 0.3870081018518518 0.034629629629629656 0.019004629629629656
4 0.19547453703703704 0.43561342592592595 0.034629629629629656 0.019004629629629656
5 0.2525636574074074 0.22947337962962963 0.034629629629629656 0.019004629629629656
10 0.02745949074074074 0.43 0.03619212962962963 0.01902777777777782
2 0.3479513888888889 0.28868634259259257 0.034629629629629656 0.019004629629629656
3 0.18602430555555555 0.2722280092592593 0.03621527777777778 0.020590277777777822
13 0.11870370370370371 0.31497106481481485 0.03621527777777778 0.020590277777777822
8 0.775 0.984375 0.04375 0.03125