10 0.8355787037037036 0.503125 0.039340277777778 0.0125
6 0.21969328703703703 0.53828125 0.04094907407407407 0.015625
0 0.7984548611111111 0.58125 0.03936342592592599 0.0140625
11 0.8878530092592593 0.4984375 0.04092592592592581 0.0140625
4 0.7050520833333334 0.49921875 0.04090277777777764 0.0125
7 0.22685185185185186 0.44140625 0.0409259259259259 0.0140625
12 0.7266898148148149 0.43046875 0.03936342592592599 0.0140625
8 0.20205439814814813 0.82421875 0.04253472222222223 0.0171875
1 0.9859375 0.56328125 0.028125 0.0140625
2 0.5825347222222221 0.403125 0.03934027777777764 0.0125
5 0.661724537037037 0.36953125 0.04090277777777782 0.0125
3 0.716886574074074 0.4015625 0.03934027777777764 0.0125
13 0.7680960648148148 0.43046875 0.04092592592592599 0.0140625
9 0.23356481481481478 0.3671875 0.03934027777777782 0.0125
14 0.6307349537037037 0.43984375 0.03936342592592581 0.0140625