6 0.62734375 0.5484375 0.0171875 0.0171875
2 0.92890625 0.45625 0.0171875 0.0171875
11 0.0609375 0.5109375 0.0171875 0.0171875
7 0.625 0.47109375 0.0171875 0.0171875
4 0.22265625 0.5125 0.0171875 0.0171875
10 0.109375 0.51328125 0.0171875 0.0171875
14 0.97890625 0.4953125 0.0171875 0.0171875
8 0.63203125 0.784375 0.0203125 0.0234375
12 0.20703125 0.45078125 0.0171875 0.0171875
0 0.1421875 0.5828125 0.0171875 0.0171875
13 0.1671875 0.45078125 0.0171875 0.0171875
3 0.2125 0.4265625 0.0171875 0.0171875
9 0.62265625 0.41171875 0.0171875 0.0171875
5 0.2609375 0.40078125 0.01015625 0.0109375
2 0.3296875 0.43046875 0.01484375 0.0140625
14 0.28828125 0.4625 0.01875 0.01484375