10 0.024137731481481482 0.4767766203703704 0.04586805555555555 0.01590277777777782
6 0.740324074074074 0.5262962962962963 0.04582175925925931 0.014340277777777643
4 0.1850289351851852 0.47595486111111107 0.04586805555555558 0.015902777777777644
0 0.05805555555555555 0.5707638888888888 0.04425925925925926 0.014317129629629655
7 0.748275462962963 0.41607060185185185 0.04425925925925931 0.014317129629629655
9 0.7539467592592592 0.3300868055555556 0.04425925925925931 0.014317129629629655
2 0.3399479166666667 0.36042824074074076 0.04425925925925931 0.014317129629629655
14 0.2792766203703704 0.4050578703703704 0.04425925925925931 0.014317129629629655
12 0.16799768518518518 0.39186921296296295 0.04425925925925926 0.014317129629629655
13 0.11494212962962962 0.3903125 0.04425925925925922 0.014317129629629655
8 0.7156423611111111 0.8585474537037037 0.050694444444444466 0.020659722222222142
3 0.18310185185185185 0.35650462962962964 0.044305555555555556 0.015879629629629653
5 0.24972222222222223 0.32193865740740735 0.04586805555555555 0.01590277777777782