10 0.8765625 0.37265625 0.0171875 0.0171875
11 0.94765625 0.365625 0.0171875 0.0171875
0 0.8390625 0.4703125 0.0171875 0.0171875
4 0.703125 0.3796875 0.0171875 0.0171875
6 0.06640625 0.4796875 0.0171875 0.0171875
2 0.53984375 0.26796875 0.0171875 0.0171875
14 0.60234375 0.31171875 0.0171875 0.0171875
9 0.0765625 0.2609375 0.0171875 0.0171875
5 0.64140625 0.221875 0.0171875 0.0171875
13 0.7828125 0.28671875 0.0171875 0.0171875
8 0.0453125 0.88828125 0.0234375 0.0296875
3 0.71171875 0.2546875 0.0171875 0.0171875
7 0.07265625 0.35703125 0.0171875 0.0171875
12 0.7265625 0.29375 0.0171875 0.0171875