0 0.9405497685185186 0.4180497685185185 0.04543981481481474 0.017442129629629655
6 0.31235532407407407 0.4367303240740741 0.04543981481481474 0.017442129629629655
13 0.8651273148148148 0.2652777777777778 0.04700231481481474 0.017465277777777823
4 0.8122048611111111 0.3441782407407407 0.045451388888889 0.019004629629629656
2 0.6597395833333334 0.2573842592592593 0.04543981481481474 0.017442129629629655
14 0.7188541666666668 0.29166087962962967 0.04700231481481474 0.017465277777777823
7 0.2966550925925926 0.34166087962962965 0.04701388888888891 0.01902777777777782
8 0.3593287037037037 0.7391261574074074 0.04862268518518516 0.02530092592592581
12 0.8174247685185186 0.2722337962962963 0.047013888888889 0.01902777777777782
10 0.9591319444444444 0.33497106481481487 0.045451388888889 0.019004629629629656
9 0.2862384259259259 0.27151041666666664 0.04545138888888882 0.019004629629629656
3 0.7996874999999999 0.24125000000000002 0.045451388888889 0.019004629629629656
5 0.7373611111111111 0.2187384259259259 0.04700231481481474 0.017465277777777823