11 0.9829398148148147 0.5662847222222223 0.020451388888888998 0.019166666666666644
10 0.9048553240740741 0.5700173611111111 0.022013888888889 0.019201388888888893
6 0.04378472222222222 0.6383680555555555 0.02201388888888889 0.019201388888888893
4 0.7142361111111111 0.5665625000000001 0.022013888888889 0.019201388888888893
14 0.6112442129629629 0.4767881944444444 0.020462962962962905 0.020729166666666642
0 0.8447395833333333 0.6796006944444445 0.020451388888888998 0.019166666666666644
5 0.6603993055555556 0.36383680555555553 0.022013888888889 0.019201388888888893
2 0.5420601851851852 0.4166666666666667 0.022025462962962906 0.020763888888888894
7 0.023946759259259258 0.4910763888888889 0.022025462962962962 0.020763888888888894
12 0.7470601851851851 0.4634027777777778 0.022025462962962906 0.020763888888888894
3 0.7380902777777777 0.4124305555555556 0.022013888888889 0.019201388888888893
13 0.8150000000000001 0.4610069444444445 0.015740740740740833 0.01593750000000007