6 0.2028645833333333 0.49366319444444445 0.043900462962962905 0.014201388888889
7 0.21833333333333335 0.3672222222222222 0.043888888888888825 0.012638888888888821
14 0.7816782407407408 0.3799884259259259 0.045451388888889 0.012650462962962905
5 0.8278240740740742 0.2818981481481481 0.043900462962962905 0.014201388888888822
2 0.7125289351851851 0.32557291666666666 0.043900462962962905 0.014201388888888822
4 0.8877835648148149 0.4667071759259259 0.05018518518518533 0.018935185185185156
12 0.9214699074074074 0.37399305555555556 0.045462962962962906 0.014212962962962993
13 0.984375 0.371875 0.03125 0.0125
3 0.9086400462962964 0.32936921296296295 0.043900462962962905 0.014201388888888822
9 0.22699652777777776 0.27119791666666665 0.043900462962962905 0.014201388888888911
8 0.15750578703703705 0.9089293981481482 0.06902777777777777 0.03157407407407433