0 0.6764409722222222 0.55703125 0.03791666666666664 0.015625
11 0.7500520833333333 0.459375 0.03791666666666664 0.015625
6 0.08024305555555555 0.62265625 0.03791666666666667 0.015625
13 0.6309895833333333 0.41015625 0.03791666666666664 0.015625
7 0.07480902777777779 0.51875 0.03791666666666667 0.015625
3 0.5735069444444445 0.38984375 0.03791666666666664 0.015625
4 0.5757638888888889 0.49140625 0.03791666666666664 0.015625
2 0.4412152777777778 0.41328125 0.03791666666666664 0.015625
14 0.4926909722222222 0.44453125 0.03791666666666664 0.015625
5 0.5198958333333333 0.36796875 0.03791666666666664 0.015625
1 0.8486979166666666 0.50390625 0.03791666666666664 0.015625
9 0.07065972222222222 0.4375 0.03791666666666667 0.015625
10 0.7027256944444444 0.47421875 0.03791666666666664 0.015625
12 0.5890277777777777 0.4203125 0.03791666666666664 0.015625
8 0.09894097222222223 0.93671875 0.05697916666666667 0.0296875