4 0.9099305555555557 0.4886921296296296 0.04895833333333357 0.023657407407407405
14 0.8112326388888889 0.4059432870370371 0.03791666666666664 0.018888888888888823
9 0.3284375 0.2976967592592593 0.03947916666666664 0.018900462962962904
7 0.3185763888888889 0.3812037037037037 0.037951388888888896 0.02045138888888891
8 0.27105902777777774 0.8440567129629629 0.04277777777777771 0.02673611111111107
6 0.3076736111111111 0.48813657407407407 0.037951388888888896 0.020451388888888998
13 0.9890625 0.40546875 0.021875 0.0203125
2 0.7507465277777777 0.3555034722222222 0.03791666666666664 0.018888888888888823
5 0.8500347222222222 0.324212962962963 0.03947916666666664 0.018900462962962994
3 0.9243576388888888 0.36460069444444443 0.03791666666666664 0.018888888888888823
12 0.9369965277777779 0.40609375 0.03947916666666664 0.018900462962962904