3 0.76875 0.29140625 0.0171875 0.0171875
11 0.96640625 0.421875 0.0171875 0.0171875
7 0.253125 0.39921875 0.0171875 0.0171875
14 0.67890625 0.35546875 0.0171875 0.0171875
0 0.86953125 0.54375 0.0171875 0.0171875
2 0.62734375 0.30546875 0.0171875 0.0171875
10 0.90625 0.43046875 0.0171875 0.0171875
9 0.25625 0.29609375 0.0171875 0.0171875
4 0.7625 0.43671875 0.0171875 0.0171875
5 0.71171875 0.2546875 0.0171875 0.0171875
6 0.2484375 0.5296875 0.0171875 0.0171875
8 0.2421875 0.9359375 0.025 0.02734375
13 0.83046875 0.33125 0.0171875 0.0171875
12 0.7796875 0.3359375 0.0171875 0.02265625