2 0.5 0.27421875 0.025 0.0234375
0 0.18984375 0.4375 0.025 0.0296875
7 0.9171875 0.375 0.0265625 0.03515625
10 0.18359375 0.35 0.02265625 0.0265625
6 0.8953125 0.490625 0.03125 0.0390625
4 0.33203125 0.36328125 0.025 0.025
9 0.93125 0.290625 0.0265625 0.0296875
5 0.42421875 0.228125 0.0265625 0.0203125
11 0.1234375 0.3390625 0.02109375 0.0234375
3 0.3546875 0.2578125 0.02265625 0.02265625
13 0.28359375 0.2828125 0.0203125 0.0140625
12 0.3296875 0.290625 0.0203125 0.0203125
8 0.81640625 0.884375 0.04375 0.0375
14 0.4265625 0.31328125 0.01484375 0.0140625