14 0.765625 0.32109375 0.0171875 0.0171875
10 0.95625 0.39296875 0.0171875 0.0171875
2 0.71796875 0.2765625 0.0171875 0.0171875
6 0.4265625 0.43828125 0.0171875 0.0171875
0 0.93359375 0.484375 0.0171875 0.0171875
7 0.41875 0.33203125 0.0171875 0.0171875
4 0.8359375 0.38984375 0.0171875 0.0171875
12 0.84609375 0.30859375 0.0171875 0.0171875
3 0.834375 0.26875 0.0171875 0.0171875
13 0.88515625 0.3046875 0.0171875 0.0171875
5 0.7828125 0.23671875 0.0171875 0.0171875
8 0.45390625 0.75703125 0.01875 0.025
9 0.4109375 0.2515625 0.0171875 0.0171875
2 0.0984375 0.3203125 0.025 0.01484375
14 0.053125 0.3765625 0.02890625 0.0203125
5 0.01484375 0.28828125 0.01484375 0.01484375