7 0.14765625 0.459375 0.0171875 0.0171875
0 0.7203125 0.540625 0.0171875 0.0171875
2 0.50078125 0.38359375 0.0171875 0.0171875
3 0.6296875 0.36953125 0.0171875 0.0171875
11 0.8 0.4515625 0.0171875 0.0171875
10 0.75078125 0.459375 0.0171875 0.0171875
5 0.57890625 0.346875 0.0171875 0.0171875
14 0.5484375 0.41640625 0.0171875 0.0171875
13 0.684375 0.3953125 0.0171875 0.0171875
6 0.14765625 0.5578125 0.0171875 0.0171875
9 0.14765625 0.3859375 0.0171875 0.0171875
4 0.6234375 0.46953125 0.0171875 0.0171875
1 0.896875 0.50078125 0.0171875 0.0171875
12 0.64140625 0.3984375 0.0171875 0.0171875
8 0.146875 0.85 0.02109375 0.0234375