6 0.775 0.55234375 0.01875 0.02109375
0 0.04375 0.56484375 0.0171875 0.0171875
4 0.18046875 0.46875 0.0171875 0.0171875
10 0.0046875 0.46171875 0.009375 0.0140625
7 0.784375 0.434375 0.01875 0.0203125
14 0.2828125 0.3984375 0.0171875 0.0171875
12 0.1640625 0.37890625 0.0171875 0.0171875
9 0.79140625 0.34375 0.0203125 0.02109375
13 0.10703125 0.37421875 0.0171875 0.0171875
5 0.2515625 0.3078125 0.0171875 0.0171875
3 0.178125 0.340625 0.0171875 0.0171875
2 0.35078125 0.35390625 0.0171875 0.0171875
8 0.7453125 0.9046875 0.02734375 0.03359375
9 0.7921875 0.3453125 0.01484375 0.0140625