12 0.8546527777777777 0.4547569444444445 0.027164351851851974 0.02069444444444457
9 0.33014467592592595 0.40387152777777774 0.027118055555555555 0.01913194444444457
3 0.8454282407407409 0.40727430555555555 0.028680555555555286 0.019166666666666644
5 0.7855613425925926 0.36560763888888886 0.028680555555555643 0.019166666666666644
8 0.38079282407407405 0.9523263888888888 0.030381944444444465 0.023888888888888717
0 0.9342476851851853 0.6609375 0.028634259259258953 0.017604166666666643
10 0.984201388888889 0.5527256944444445 0.03024305555555564 0.019201388888888893
7 0.3385532407407408 0.50296875 0.02707175925925931 0.01756944444444457
4 0.8286631944444445 0.5538368055555555 0.028587962962962975 0.01604166666666664
6 0.3508043981481482 0.6262152777777777 0.02711805555555564 0.019131944444444392
13 0.9068807870370371 0.4496875 0.03019675925925931 0.01763888888888889
2 0.6949479166666667 0.42078125 0.028680555555555643 0.019166666666666644
14 0.7488888888888889 0.4735243055555555 0.027025462962962977 0.01600694444444457