6 0.4167939814814815 0.5476099537037037 0.03150462962962948 0.020590277777777645
10 0.9470023148148148 0.5046064814814815 0.031527777777778 0.02215277777777782
14 0.759519675925926 0.45348958333333333 0.029942129629629655 0.020567129629629654
0 0.9209259259259259 0.5776331018518519 0.03150462962962948 0.020590277777777645
7 0.4148611111111111 0.4671875 0.03152777777777782 0.02215277777777782
2 0.10029513888888889 0.4531018518518518 0.029965277777777778 0.022129629629629655
8 0.4312789351851851 0.7825 0.03943287037037031 0.028518518518518478
13 0.877696759259259 0.4376793981481482 0.03150462962962948 0.020590277777777645
12 0.8417129629629632 0.4413368055555555 0.03150462962962948 0.020590277777777645
5 0.019461805555555555 0.4261805555555556 0.029965277777777778 0.02212962962962948
9 0.411880787037037 0.40474537037037034 0.029965277777777643 0.022129629629629655
14 0.05284143518518518 0.4928587962962963 0.025231481481481487 0.018935185185185156
5 0.7831365740740741 0.38831018518518523 0.02826388888888882 0.012731481481481488
3 0.8327314814814816 0.4149131944444445 0.03775462962962948 0.02068287037037031
4 0.8305960648148147 0.5063310185185186 0.034652777777778 0.022199074074073975
14 0.715474537037037 0.4213368055555556 0.025231481481481487 0.018935185185185156