10 0.5679340277777778 0.5682465277777778 0.03718749999999993 0.04284722222222222
11 0.6725578703703704 0.54171875 0.03212962962962962 0.03024305555555564
4 0.2966493055555556 0.6070659722222222 0.032222222222222194 0.033368055555555644
12 0.34887152777777775 0.42555555555555563 0.032037037037037044 0.02711805555555564
0 0.4809895833333334 0.7622395833333334 0.0355787037037036 0.04125000000000014
14 0.1404513888888889 0.4770312499999999 0.03212962962962962 0.03024305555555564
3 0.3372395833333333 0.3438368055555555 0.028819444444444463 0.023923611111111142
13 0.4454282407407407 0.40779513888888885 0.03212962962962962 0.03024305555555564
5 0.2244097222222222 0.27842013888888884 0.03346064814814813 0.022465277777777716
1 0.8597569444444444 0.6531076388888889 0.03534722222222229 0.03343749999999997
2 0.03755208333333333 0.39265625000000004 0.02900462962962963 0.030173611111111144