6 0.6065451388888888 0.5308854166666667 0.031736111111111145 0.02394675925925931
7 0.6268402777777778 0.3905324074074074 0.03329861111111114 0.023993055555555465
4 0.05899305555555556 0.4721585648148148 0.038125000000000006 0.030381944444444288
2 0.23263888888888892 0.31711226851851854 0.03163194444444439 0.01925925925925931
12 0.054461805555555555 0.35986689814814815 0.033194444444444436 0.019305555555555555
14 0.16734374999999999 0.3744791666666667 0.03482638888888889 0.022476851851851797
8 0.5463368055555555 0.9566087962962964 0.04756944444444446 0.033784722222222285
9 0.6401388888888888 0.28395833333333337 0.03166666666666664 0.02082175925925931
3 0.07741319444444444 0.31078125 0.033229166666666664 0.020868055555555553
5 0.15022569444444445 0.26646412037037037 0.033194444444444436 0.019305555555555555
13 0.00703125 0.35703125 0.0140625 0.0203125