11 0.25796875 0.43810763888888893 0.056631944444444395 0.014756944444444286
10 0.30743055555555554 0.45086805555555554 0.05506944444444439 0.014699074074074048
0 0.34123263888888894 0.5317418981481482 0.056631944444444395 0.014756944444444465
4 0.4357986111111112 0.46655092592592595 0.055069444444444574 0.014699074074074048
6 0.9270486111111111 0.5831018518518519 0.05826388888888871 0.01793981481481488
2 0.5604861111111111 0.38686342592592593 0.05506944444444439 0.014699074074074048
14 0.5111979166666667 0.41704282407407406 0.05510416666666664 0.016261574074074046
1 0.16371527777777778 0.48223379629629626 0.05666666666666664 0.016319444444444463
9 0.9223090277777779 0.4049479166666667 0.05663194444444457 0.014756944444444465
12 0.41624999999999995 0.3947916666666667 0.05666666666666664 0.016319444444444463
13 0.37314236111111115 0.3869502314814815 0.05510416666666664 0.016261574074074046
5 0.4814583333333333 0.3433449074074074 0.05506944444444439 0.014699074074074048
3 0.42652777777777773 0.36550925925925926 0.05666666666666664 0.016319444444444463
7 0.92484375 0.4838831018518519 0.05510416666666664 0.016261574074074046
8 0.930607638888889 0.8837673611111111 0.058368055555555284 0.02262731481481488