11 0.1803298611111111 0.5264756944444444 0.02090277777777776 0.027256944444444466
12 0.35746527777777776 0.28339120370370374 0.01923611111111114 0.02251157407407405
14 0.5757291666666667 0.29716435185185186 0.017604166666666643 0.01932870370370372
10 0.3076909722222222 0.5209780092592593 0.020868055555555553 0.025694444444444464
5 0.3233506944444445 0.062181712962962966 0.01902777777777782 0.01313657407407407
2 0.5786284722222221 0.16669560185185187 0.016111111111111142 0.022395833333333302
3 0.28649305555555554 0.17517361111111113 0.014444444444444482 0.017650462962962975
4 0.5707291666666666 0.48703703703703705 0.017708333333333215 0.02401620370370381
13 0.2535763888888889 0.2864583333333333 0.017604166666666643 0.019328703703703633
1 0.11807291666666667 0.7286168981481481 0.01923611111111114 0.02251157407407405
0 0.5602604166666667 0.7122395833333333 0.020729166666666642 0.019444444444444466