4 0.0728125 0.4410590277777778 0.06314814814814815 0.022499999999999964
14 0.17655092592592592 0.3653645833333333 0.05363425925925922 0.017604166666666643
9 0.6575173611111111 0.2851909722222222 0.05211805555555564 0.019131944444444392
7 0.6597743055555556 0.3671180555555556 0.05207175925925931 0.017569444444444395
8 0.6719444444444445 0.8259201388888888 0.05381944444444446 0.02385416666666664
6 0.6636574074074074 0.47321180555555553 0.05363425925925931 0.017604166666666643
13 0.009375 0.3546875 0.01875 0.01875
2 0.23880787037037038 0.31947916666666665 0.05368055555555555 0.019166666666666644
5 0.14387152777777779 0.2825520833333333 0.052118055555555556 0.019131944444444392
3 0.06785300925925926 0.31859374999999995 0.052118055555555556 0.019131944444444392
12 0.05260995370370371 0.35875 0.05207175925925926 0.017569444444444395