0 0.1889525462962963 0.5107291666666667 0.031898148148148134 0.024039351851851798
9 0.8582060185185185 0.32881944444444444 0.03024305555555564 0.020868055555555553
10 0.17344328703703704 0.40079861111111115 0.028680555555555553 0.02082175925925931
12 0.30558449074074073 0.32182870370370364 0.028680555555555553 0.02082175925925931
4 0.3073090277777778 0.4219675925925926 0.03346064814814813 0.02408564814814813
6 0.818125 0.5731597222222222 0.03024305555555564 0.020868055555555643
14 0.4024074074074074 0.3528472222222222 0.03024305555555564 0.020868055555555553
5 0.38990740740740737 0.24691550925925926 0.03019675925925931 0.019305555555555555
1 0.00703125 0.45 0.0140625 0.025
2 0.4648032407407408 0.3054340277777778 0.03019675925925931 0.019305555555555555
13 0.26050347222222225 0.3126736111111111 0.028680555555555553 0.02082175925925931
3 0.3256307870370371 0.2786342592592592 0.028680555555555553 0.02082175925925931
8 0.746875 0.98359375 0.046875 0.0328125
7 0.840167824074074 0.43619212962962967 0.028680555555555286 0.02082175925925931
11 0.12061921296296296 0.38906828703703705 0.03502314814814813 0.024131944444444463