2 0.9263888888888889 0.45850694444444445 0.025694444444444287 0.019166666666666644
7 0.5785300925925926 0.5085416666666667 0.02401620370370381 0.01600694444444457
5 0.12705439814814815 0.41654513888888883 0.024074074074074046 0.01756944444444457
2 0.23104745370370372 0.4633506944444445 0.024074074074074046 0.01756944444444457
8 0.630179398148148 0.9124826388888888 0.02418981481481488 0.02069444444444457
6 0.5967013888888889 0.6197916666666666 0.02245370370370381 0.015972222222222145
4 0.12005208333333335 0.6068576388888889 0.02719907407407405 0.01763888888888889
9 0.5679976851851852 0.4138541666666667 0.02251157407407405 0.017534722222222143
12 0.07199074074074074 0.5105555555555557 0.025810185185185186 0.022291666666666644
0 0.03298611111111112 0.7220138888888888 0.01157407407407407 0.017291666666666573
14 0.98515625 0.5171875 0.0296875 0.021875
14 0.18857060185185187 0.5178298611111111 0.027314814814814792 0.020763888888888894
3 0.07019675925925926 0.4621180555555555 0.02725694444444444 0.019201388888888893