14 0.5114583333333333 0.43226851851851844 0.017881944444444464 0.01887731481481474
0 0.35043402777777777 0.5577141203703704 0.017824074074074048 0.017314814814814738
2 0.5563657407407407 0.39989583333333334 0.017824074074074048 0.017314814814814738
3 0.42699652777777775 0.3883506944444445 0.017824074074074048 0.017314814814814828
1 0.17569444444444446 0.5238425925925926 0.017824074074074048 0.017314814814814738
11 0.26446759259259256 0.4731712962962963 0.017824074074074048 0.017314814814814738
12 0.4171296296296296 0.4173379629629629 0.019444444444444285 0.018888888888889
13 0.3740451388888889 0.4145312499999999 0.017881944444444464 0.01887731481481474
7 0.9168113425925928 0.4683391203703703 0.019444444444444285 0.018888888888889
9 0.9100694444444443 0.3918055555555556 0.019444444444444285 0.01888888888888891
4 0.4393229166666667 0.48906828703703703 0.017881944444444464 0.01887731481481474
5 0.4761284722222222 0.3645428240740741 0.01938657407407405 0.017326388888888822
6 0.923582175925926 0.5667534722222223 0.028993055555555713 0.02364583333333332
8 0.943113425925926 0.8620023148148149 0.03547453703703703 0.02994212962962948