10 0.9588541666666668 0.5200578703703703 0.04137731481481453 0.020914351851851976
14 0.6833333333333333 0.45570601851851855 0.041319444444444464 0.019351851851851797
4 0.7866898148148148 0.5282233796296296 0.041319444444444464 0.019351851851851797
6 0.21209490740740744 0.6274768518518519 0.041319444444444464 0.019351851851851974
12 0.804224537037037 0.4327546296296296 0.04137731481481488 0.020914351851851976
2 0.6151909722222222 0.4068634259259259 0.041319444444444464 0.019351851851851974
5 0.7144965277777778 0.3489351851851852 0.04137731481481488 0.020914351851851885
8 0.28836805555555556 0.9379918981481481 0.047974537037037024 0.030474537037036953
9 0.15677083333333336 0.39796296296296296 0.04137731481481479 0.020914351851851885
13 0.8656828703703703 0.42755208333333333 0.03975694444444429 0.01930555555555564
0 0.9205439814814815 0.6234953703703704 0.04959490740740726 0.03208333333333328
7 0.18182870370370371 0.5056192129629629 0.04774305555555554 0.024224537037036954
3 0.7901909722222221 0.3909780092592593 0.04450231481481488 0.021006944444444463