1 0.10859375 0.4453125 0.0203125 0.0203125
0 0.2609375 0.490625 0.0171875 0.0171875
6 0.78828125 0.5296875 0.0171875 0.0171875
10 0.24375 0.4 0.01875 0.02109375
11 0.2015625 0.38984375 0.01875 0.0203125
2 0.484375 0.3109375 0.0171875 0.0171875
12 0.35234375 0.33046875 0.0203125 0.02109375
9 0.8140625 0.325 0.0171875 0.0171875
3 0.3671875 0.29453125 0.0203125 0.0203125
7 0.803125 0.41328125 0.0171875 0.0171875
4 0.35546875 0.4140625 0.0171875 0.0171875
5 0.42109375 0.2640625 0.0203125 0.02109375
13 0.31484375 0.32421875 0.0203125 0.02109375
8 0.7390625 0.8765625 0.0234375 0.03125
14 0.434375 0.3546875 0.0171875 0.0171875