6 0.9234375 0.5421875 0.03515625 0.03984375
7 0.915625 0.41953125 0.03515625 0.0359375
9 0.9078125 0.31484375 0.0265625 0.0296875
2 0.4625 0.3296875 0.02265625 0.0234375
12 0.28671875 0.3609375 0.02109375 0.0234375
14 0.4109375 0.37890625 0.0203125 0.02265625
11 0.09296875 0.43984375 0.025 0.025
10 0.165625 0.44765625 0.0265625 0.03125
3 0.2890625 0.3140625 0.02265625 0.0203125
13 0.2296875 0.353125 0.02109375 0.02265625
5 0.353125 0.27421875 0.0234375 0.0203125
4 0.33671875 0.45546875 0.0203125 0.02265625
8 0.94609375 0.86484375 0.03125 0.02890625