0 0.09765625 0.54921875 0.0171875 0.0171875
6 0.68046875 0.5390625 0.0171875 0.0171875
11 0.0171875 0.4375 0.0171875 0.0171875
14 0.29453125 0.37890625 0.0171875 0.0171875
7 0.6921875 0.4171875 0.0171875 0.0171875
10 0.07578125 0.44296875 0.0171875 0.0171875
4 0.20859375 0.4515625 0.0171875 0.0171875
9 0.7015625 0.3234375 0.0171875 0.0171875
8 0.6390625 0.909375 0.02265625 0.0234375
13 0.15703125 0.35390625 0.0171875 0.0171875
3 0.2171875 0.3171875 0.0171875 0.0171875
5 0.27734375 0.28125 0.0171875 0.0171875
2 0.3484375 0.33125 0.0171875 0.0171875
12 0.203125 0.3578125 0.0171875 0.0171875