6 0.17583333333333334 0.4301851851851852 0.03138888888888891 0.017326388888889
10 0.943292824074074 0.36712384259259256 0.0329629629629629 0.018900462962962994
14 0.6839525462962962 0.26442708333333337 0.03140046296296291 0.018888888888888823
0 0.8957870370370371 0.4925462962962962 0.0329629629629629 0.018900462962962904
12 0.8041608796296297 0.25125578703703705 0.03140046296296291 0.018888888888888823
9 0.1909837962962963 0.15531250000000002 0.03296296296296295 0.018900462962962994
5 0.7252546296296296 0.14520833333333333 0.032951388888889 0.017337962962962992
4 0.7745023148148148 0.3604050925925926 0.0329629629629629 0.018900462962962904
2 0.6272337962962963 0.20072916666666668 0.03295138888888882 0.017337962962962992
3 0.7912326388888888 0.19335069444444444 0.03295138888888882 0.017337962962962992
13 0.8588020833333333 0.24541087962962962 0.031388888888889 0.017326388888888912
7 0.18483217592592593 0.2740104166666667 0.03138888888888891 0.017326388888888822
8 0.1558738425925926 0.8995428240740739 0.048657407407407406 0.028391203703703384