2 0.08744212962962963 0.464849537037037 0.057002314814814804 0.020462962962962905
7 0.4325520833333333 0.48884837962962957 0.053761574074074045 0.017314814814814738
5 0.867361111111111 0.3684722222222222 0.05700231481481488 0.020462962962962995
2 0.7685474537037037 0.4215335648148148 0.056944444444444464 0.018900462962962904
8 0.41626157407407405 0.8865162037037038 0.05706018518518512 0.022025462962962906
6 0.42378472222222224 0.5990393518518518 0.053761574074074045 0.017314814814814738
4 0.8901909722222221 0.5534085648148148 0.056944444444444284 0.018900462962962904
9 0.4344039351851852 0.39667245370370374 0.053761574074074045 0.017314814814814738
12 0.9297164351851851 0.4562673611111111 0.06018518518518547 0.02204861111111107
14 0.03356481481481481 0.5277314814814815 0.05856481481481481 0.020474537037037166
14 0.8159143518518519 0.47116898148148145 0.05700231481481453 0.020462962962962905
3 0.9268229166666668 0.4078645833333333 0.056944444444444284 0.018900462962962904