10 0.8515625 0.49453125 0.0171875 0.0171875
11 0.93046875 0.484375 0.0171875 0.0171875
7 0.01171875 0.46875 0.0171875 0.0171875
2 0.5203125 0.36484375 0.0171875 0.0171875
5 0.6453125 0.303125 0.0171875 0.0171875
4 0.665625 0.503125 0.0171875 0.0171875
0 0.77578125 0.60625 0.0171875 0.0171875
13 0.7796875 0.3890625 0.0171875 0.0171875
3 0.7125 0.34609375 0.0171875 0.0171875
12 0.7140625 0.39609375 0.0171875 0.0171875
14 0.578125 0.41875 0.0171875 0.0171875
9 0.02109375 0.3515625 0.0171875 0.0171875
6 0.0078125 0.60234375 0.015625 0.0171875