10 0.0328125 0.378125 0.02265625 0.02265625
12 0.20546875 0.2953125 0.0171875 0.0171875
6 0.8578125 0.4859375 0.0328125 0.02734375
0 0.05546875 0.4796875 0.02265625 0.0234375
7 0.871875 0.36171875 0.02890625 0.0265625
4 0.209375 0.3875 0.0171875 0.0171875
14 0.328125 0.315625 0.0171875 0.0171875
13 0.14296875 0.28828125 0.0171875 0.0171875
8 0.80703125 0.8859375 0.03515625 0.02890625
3 0.22265625 0.25625 0.0171875 0.0171875
9 0.88515625 0.26171875 0.0171875 0.0171875
5 0.30390625 0.2234375 0.0171875 0.0171875
2 0.40078125 0.27109375 0.0171875 0.0171875