10 0.9496354166666666 0.5152546296296296 0.053576388888888715 0.024039351851851975
14 0.6827951388888889 0.4372800925925926 0.053576388888888896 0.024039351851851798
4 0.7747569444444444 0.5149710648148148 0.053576388888888805 0.024039351851851798
6 0.17975694444444446 0.5888136574074074 0.053576388888888896 0.024039351851851975
12 0.8080902777777779 0.42029513888888886 0.053576388888888715 0.024039351851851798
2 0.6222743055555555 0.38520254629629636 0.053576388888888896 0.024039351851851798
5 0.7311979166666667 0.3320081018518518 0.053576388888888896 0.024039351851851798
8 0.20552083333333332 0.9050289351851852 0.05999999999999996 0.032037037037036954
9 0.16151041666666668 0.35591435185185183 0.053576388888888896 0.024039351851851888
13 0.8706076388888888 0.4176620370370371 0.053576388888888715 0.024039351851851975
0 0.8942534722222222 0.6183912037037038 0.06003472222222221 0.033599537037036956
7 0.1700347222222222 0.4641840277777778 0.06145833333333332 0.027395833333333286
3 0.8012326388888888 0.37755787037037036 0.05670138888888872 0.024131944444444463