2 0.42109375 0.34765625 0.0171875 0.0171875
7 0.7203125 0.4078125 0.0171875 0.0171875
10 0.18984375 0.4171875 0.0171875 0.0171875
0 0.20390625 0.4828125 0.0171875 0.0171875
12 0.2953125 0.3640625 0.0171875 0.0171875
8 0.68203125 0.74140625 0.0234375 0.0265625
6 0.7109375 0.48671875 0.0171875 0.0171875
11 0.14921875 0.4109375 0.0171875 0.0171875
4 0.3015625 0.421875 0.0171875 0.0171875
5 0.35859375 0.31953125 0.0171875 0.0171875
14 0.3734375 0.3765625 0.0171875 0.0171875
13 0.25234375 0.36171875 0.0171875 0.0171875
1 0.05546875 0.4546875 0.0171875 0.0171875
3 0.30390625 0.3390625 0.0171875 0.0171875
9 0.72734375 0.3484375 0.0171875 0.0171875