10 0.3480555555555555 0.5875520833333333 0.04959490740740744 0.03630787037037031
12 0.412962962962963 0.39995370370370364 0.04311342592592595 0.028402777777777822
2 0.702824074074074 0.3160069444444445 0.04292824074074062 0.02215277777777782
11 0.1817650462962963 0.586111111111111 0.047986111111111104 0.03472222222222214
3 0.3249768518518518 0.3122337962962963 0.03658564814814813 0.018935185185185156
5 0.36876736111111114 0.23115162037037038 0.03947916666666664 0.011168981481481488
4 0.6913252314814814 0.5723148148148148 0.04476851851851862 0.03155092592592599
0 0.6780266203703704 0.7575868055555556 0.04812499999999993 0.039409722222222145
13 0.2779456018518519 0.39726851851851847 0.0413657407407408 0.022129629629629655
1 0.09572337962962964 0.7490335648148149 0.04784722222222222 0.030034722222222143
14 0.6965972222222222 0.42074074074074075 0.03980324074074062 0.022106481481481487