0 0.990625 0.584375 0.01875 0.01875
2 0.7278125 0.32905092592592594 0.019166666666666644 0.01938657407407405
6 0.38885416666666667 0.4968171296296296 0.020694444444444394 0.017881944444444287
12 0.8818402777777777 0.3753472222222222 0.01913194444444457 0.017824074074074048
14 0.7836805555555555 0.3842013888888889 0.02069444444444457 0.017881944444444464
3 0.8667708333333334 0.3295138888888889 0.02069444444444457 0.017881944444444464
8 0.42932291666666667 0.8776909722222221 0.019166666666666644 0.01938657407407405
13 0.9286284722222223 0.3731770833333333 0.01913194444444457 0.017824074074074048
4 0.87375 0.4679398148148148 0.019166666666666644 0.01938657407407405
5 0.8033680555555556 0.28657407407407404 0.020729166666666642 0.019444444444444466
7 0.37678819444444445 0.37537615740740743 0.022361111111111144 0.02262731481481488
9 0.3668576388888889 0.27977430555555555 0.025347222222222233 0.016493055555555535