10 0.8965856481481481 0.5147395833333333 0.04702546296296291 0.013055555555555643
4 0.7825925925925926 0.5207349537037037 0.04856481481481474 0.009976851851851798
7 0.3785763888888889 0.49392361111111105 0.04545138888888896 0.01144675925925931
6 0.3822916666666667 0.5737037037037037 0.04701388888888882 0.011493055555555642
2 0.07471643518518518 0.4911689814814816 0.04702546296296295 0.013055555555555643
11 0.9418576388888888 0.5106134259259258 0.047013888888889 0.011493055555555642
12 0.7946180555555555 0.4570428240740741 0.045451388888889 0.01144675925925931
0 0.8729108796296297 0.5874594907407408 0.04702546296296291 0.013055555555555643
8 0.015625 0.17421875 0.03125 0.0109375
14 0.028153935185185185 0.5319675925925926 0.04545138888888889 0.01144675925925931
5 0.7349016203703703 0.40918981481481487 0.045451388888889 0.01144675925925931
3 0.7842766203703704 0.4317418981481481 0.04702546296296291 0.013055555555555643
9 0.37657407407407406 0.4345023148148147 0.04701388888888895 0.011493055555555642
13 0.8336342592592594 0.4519502314814815 0.048576388888889 0.011539351851851976
8 0.39338541666666665 0.8060127314814816 0.05805555555555557 0.02587962962962962
2 0.67109375 0.4416666666666666 0.04699074074074065 0.008368055555555642
14 0.7134895833333333 0.4710416666666667 0.04386574074074083 0.008275462962962976