13 0.6730555555555556 0.36682291666666667 0.038657407407407265 0.03975694444444446
11 0.7689930555555555 0.5544097222222222 0.045231481481481595 0.050833333333333286
0 0.25104745370370374 0.7759375000000001 0.05152777777777775 0.05253472222222229
14 0.24207175925925925 0.4201215277777778 0.03718750000000002 0.04284722222222222
2 0.24050925925925926 0.31475694444444446 0.033923611111111106 0.038090277777777716
12 0.5360127314814814 0.38079861111111113 0.03714120370370359 0.041284722222222216
1 0.8546875 0.7188020833333333 0.04206018518518526 0.04920138888888879
10 0.5998726851851852 0.5706597222222223 0.04697916666666657 0.05711805555555553
3 0.6301967592592593 0.2850173611111111 0.03373842592592595 0.03184027777777772
4 0.2458275462962963 0.5832118055555556 0.03557870370370368 0.04125000000000014
5 0.5865798611111112 0.20244791666666667 0.033599537037036956 0.027152777777777803