6 0.7865277777777777 0.47737847222222224 0.03180555555555564 0.01604166666666664
12 0.12418981481481481 0.28649305555555554 0.03185185185185184 0.017604166666666643
4 0.1285300925925926 0.3802083333333333 0.03185185185185189 0.017604166666666643
7 0.8031828703703703 0.35348958333333336 0.03185185185185162 0.017604166666666643
2 0.331400462962963 0.26156250000000003 0.0318518518518518 0.017604166666666643
14 0.2530324074074074 0.30786458333333333 0.0334143518518518 0.01763888888888889
8 0.7327314814814814 0.8780555555555555 0.03677083333333329 0.02552083333333357
5 0.22984953703703703 0.21144097222222222 0.03185185185185189 0.017604166666666643
9 0.8144675925925926 0.2594270833333333 0.03180555555555564 0.01604166666666664
3 0.14483796296296297 0.24460069444444446 0.03341435185185184 0.01763888888888889
13 0.05672453703703704 0.2786111111111111 0.033368055555555554 0.016076388888888894