0 0.1481886574074074 0.5598090277777777 0.03763888888888891 0.017326388888888822
10 0.07704861111111111 0.4611226851851852 0.03763888888888889 0.017326388888889
8 0.6700057870370371 0.9856076388888889 0.037592592592592664 0.011076388888889
11 0.0109375 0.4578125 0.021875 0.015625
3 0.19835648148148147 0.3258564814814815 0.03607638888888891 0.017314814814814828
12 0.19724537037037035 0.3703935185185185 0.03606481481481483 0.01575231481481474
5 0.2580324074074074 0.28479166666666667 0.03763888888888891 0.017326388888888822
13 0.13947916666666668 0.3645717592592593 0.03607638888888891 0.017314814814814828
2 0.3701736111111111 0.33239583333333333 0.036076388888888825 0.017314814814814738
14 0.32133101851851853 0.38744212962962965 0.03606481481481483 0.015752314814814827
7 0.8063310185185186 0.40494212962962967 0.037650462962962906 0.018888888888888823
9 0.7961458333333333 0.30346064814814816 0.03762731481481474 0.01576388888888891
4 0.24578125 0.46221643518518524 0.03763888888888882 0.017326388888889
6 0.8164004629629631 0.5220486111111111 0.04081018518518533 0.023599537037037165
8 0.8469733796296296 0.8241493055555555 0.06128472222222214 0.045624999999999714