10 0.10239004629629629 0.4221527777777778 0.03152777777777778 0.01930555555555564
2 0.36114004629629626 0.2667650462962963 0.03311342592592599 0.0209143518518518
6 0.738917824074074 0.44315393518518514 0.03152777777777764 0.01930555555555564
7 0.7268865740740741 0.31689236111111113 0.03311342592592599 0.0209143518518518
14 0.3142824074074074 0.32208333333333333 0.0331134259259259 0.0209143518518518
5 0.2761516203703704 0.2278587962962963 0.03152777777777782 0.019305555555555555
0 0.1445428240740741 0.524074074074074 0.0331134259259259 0.020914351851851976
3 0.22208912037037037 0.27166666666666667 0.03309027777777782 0.019351851851851797
11 0.04610532407407407 0.4214756944444444 0.03155092592592592 0.020868055555555643
12 0.2164872685185185 0.31560185185185186 0.03152777777777782 0.019305555555555555
9 0.7191782407407408 0.2186400462962963 0.03155092592592581 0.020868055555555553
4 0.23900462962962968 0.41107060185185185 0.03309027777777782 0.019351851851851797
8 0.7688541666666666 0.8283738425925925 0.03637731481481481 0.030381944444444288
13 0.16725694444444444 0.3162789351851852 0.03152777777777782 0.019305555555555555