6 0.8106597222222222 0.5244733796296297 0.05437499999999993 0.03805555555555564
7 0.8178819444444445 0.3861458333333333 0.04789351851851862 0.030150462962962976
10 0.21774305555555556 0.3997222222222222 0.04155092592592595 0.0269328703703704
4 0.3408333333333333 0.4096122685185185 0.04141203703703704 0.02224537037037031
2 0.4757175925925926 0.28501157407407407 0.04136574074074062 0.02068287037037031
0 0.23320601851851852 0.5103819444444444 0.04467592592592595 0.026979166666666644
14 0.42203125 0.33109953703703704 0.03980324074074062 0.020659722222222232
12 0.3366724537037037 0.3128414351851852 0.03975694444444446 0.01909722222222223
13 0.29540509259259257 0.30876736111111114 0.03800925925925931 0.012824074074074066
3 0.3511342592592593 0.272800925925926 0.03805555555555555 0.014386574074074154
9 0.8207986111111112 0.28770833333333334 0.047800925925925955 0.027025462962962977
11 0.17500578703703704 0.39254629629629634 0.033368055555555554 0.014317129629629655
1 0.07372685185185185 0.46354745370370376 0.04155092592592593 0.02693287037037031
5 0.4060821759259259 0.23684606481481482 0.042789351851851974 0.016018518518518477
8 0.7818634259259258 0.9692361111111112 0.03511574074074062 0.020590277777778