0 0.021875 0.5328125 0.0171875 0.0171875
2 0.278125 0.29765625 0.0171875 0.0171875
6 0.60859375 0.4796875 0.0171875 0.0171875
12 0.1296875 0.33515625 0.0171875 0.0171875
14 0.2234375 0.3484375 0.0171875 0.0171875
3 0.14375 0.29140625 0.0171875 0.0171875
8 0.57109375 0.84765625 0.0171875 0.0171875
13 0.08359375 0.33046875 0.0171875 0.0171875
4 0.13671875 0.42578125 0.0171875 0.0171875
5 0.2046875 0.2515625 0.0171875 0.0171875
7 0.6203125 0.36171875 0.01875 0.02265625
9 0.62890625 0.26875 0.0234375 0.01640625