10 0.8398090277777779 0.5126736111111111 0.050277777777778 0.023715277777777644
2 0.5543981481481481 0.39421875 0.050277777777777644 0.02371527777777782
6 0.17858796296296295 0.6615624999999999 0.050277777777777775 0.023715277777777644
1 0.990625 0.5796875 0.01875 0.028125
0 0.8205671296296295 0.6379861111111111 0.050277777777778 0.023715277777777644
4 0.703298611111111 0.5287615740740741 0.050277777777777644 0.023715277777777644
7 0.17864004629629632 0.5068402777777777 0.050277777777777824 0.023715277777777644
14 0.6122280092592594 0.44728009259259255 0.050277777777777644 0.023715277777777644
12 0.7095717592592592 0.4247395833333334 0.050277777777777824 0.023715277777777644
5 0.6332986111111112 0.3399131944444444 0.050277777777777644 0.02371527777777782
3 0.6955844907407407 0.37728009259259265 0.050277777777777644 0.02371527777777782
9 0.1769733796296296 0.39434027777777775 0.050277777777777775 0.02371527777777773
13 0.7594791666666667 0.4177488425925926 0.050277777777777824 0.02371527777777782
11 0.890474537037037 0.5041087962962962 0.050254629629629476 0.02215277777777782