2 0.80859375 0.3359375 0.0171875 0.0171875
6 0.43203125 0.521875 0.01875 0.0203125
8 0.40859375 0.9046875 0.02265625 0.0265625
14 0.8609375 0.390625 0.0171875 0.0171875
7 0.43828125 0.39609375 0.0171875 0.0171875
3 0.9671875 0.3359375 0.0171875 0.0171875
4 0.95078125 0.4875 0.0203125 0.02265625
12 0.97421875 0.3828125 0.0171875 0.0171875
5 0.9015625 0.29140625 0.0171875 0.0171875
9 0.44375 0.3015625 0.0171875 0.0171875
2 0.0671875 0.3609375 0.02890625 0.01875
14 0.00390625 0.42265625 0.0078125 0.01015625