6 0.29499421296296297 0.5719039351851852 0.021006944444444463 0.019444444444444466
4 0.882638888888889 0.4695601851851852 0.021006944444444287 0.019444444444444466
8 0.3597800925925926 0.8847800925925926 0.022800925925925954 0.02575231481481488
2 0.7122685185185185 0.3475694444444445 0.021006944444444463 0.019444444444444466
14 0.7797743055555555 0.39592013888888883 0.021006944444444463 0.019444444444444466
5 0.81640625 0.28660300925925924 0.021006944444444287 0.019444444444444466
7 0.2725694444444445 0.4522569444444445 0.021006944444444463 0.019444444444444466
13 0.9710358796296298 0.3638020833333333 0.021006944444444287 0.019444444444444466
12 0.9087673611111111 0.37236689814814816 0.021006944444444287 0.019444444444444466
3 0.8928819444444442 0.3236689814814815 0.021006944444444287 0.019444444444444466
9 0.25066550925925923 0.3466724537037037 0.021006944444444463 0.019444444444444466