4 0.2046875 0.44296875 0.0171875 0.0171875
0 0.096875 0.55625 0.0171875 0.0171875
10 0.06015625 0.4421875 0.0171875 0.0171875
7 0.7140625 0.3984375 0.0171875 0.0171875
6 0.7171875 0.52890625 0.0171875 0.0171875
2 0.34296875 0.3125 0.0171875 0.0171875
14 0.2875 0.36171875 0.0171875 0.0171875
9 0.7109375 0.2984375 0.0171875 0.0171875
5 0.25546875 0.26015625 0.0171875 0.0171875
13 0.1359375 0.34140625 0.0171875 0.0171875
3 0.196875 0.3 0.0171875 0.0171875
8 0.7296875 0.9328125 0.03515625 0.03359375