11 0.1625 0.403125 0.0171875 0.0171875
1 0.0578125 0.4765625 0.0171875 0.0171875
10 0.21171875 0.4125 0.0171875 0.0171875
4 0.3375 0.42421875 0.0171875 0.0171875
0 0.23046875 0.52578125 0.0171875 0.0171875
12 0.33125 0.3234375 0.0171875 0.0171875
7 0.83359375 0.4 0.0171875 0.0171875
3 0.34453125 0.2796875 0.0171875 0.0171875
14 0.4234375 0.3453125 0.0171875 0.0171875
2 0.47734375 0.29375 0.0171875 0.0171875
6 0.83203125 0.5421875 0.0171875 0.0171875
5 0.403125 0.24140625 0.0171875 0.0171875
9 0.83359375 0.29375 0.0171875 0.0171875
13 0.2875 0.3171875 0.0171875 0.0171875