6 0.16953125 0.5356018518518518 0.065625 0.05887731481481477
7 0.165625 0.3943113425925926 0.0609375 0.04467592592592595
0 0.75703125 0.49788194444444445 0.05625 0.039849537037036954
14 0.56875 0.3284606481481481 0.0484375 0.027118055555555555
4 0.65078125 0.3979050925925926 0.053125 0.033506944444444464
2 0.51796875 0.2791840277777778 0.053125 0.03194444444444446
3 0.646875 0.25817708333333333 0.0515625 0.031898148148148134
12 0.6578125 0.3008217592592593 0.0546875 0.0335532407407408
10 0.77890625 0.38473379629629634 0.053125 0.03975694444444446
9 0.165625 0.2927488425925926 0.0609375 0.039988425925925955
13 0.7015625 0.29561921296296295 0.0515625 0.031898148148148134
11 0.82421875 0.3740162037037037 0.0546875 0.0335532407407408
5 0.590625 0.22703125000000002 0.0546875 0.0319907407407408
1 0.925 0.44212384259259263 0.0546875 0.03511574074074062
8 0.18046875 0.9837152777777778 0.071875 0.03093749999999993