10 0.6471122685185186 0.5027719907407407 0.03387731481481478 0.03789351851851848
0 0.5924942129629629 0.7106481481481481 0.04035879629629626 0.045798611111111144
11 0.7481076388888889 0.47065972222222224 0.03530092592592595 0.03322916666666664
13 0.4993518518518519 0.34582754629629625 0.032222222222222284 0.03474537037037031
12 0.40800925925925924 0.3687037037037037 0.032175925925925955 0.0331828703703704
14 0.21238425925925924 0.4291145833333333 0.03212962962962962 0.03162037037037031
3 0.38546296296296295 0.28552083333333333 0.028865740740740796 0.026886574074074153
4 0.3867592592592593 0.5583159722222222 0.03387731481481478 0.03789351851851848
1 0.9567939814814814 0.5761400462962962 0.032175925925925955 0.03318287037037031
2 0.09369791666666667 0.34607060185185184 0.03383101851851853 0.03633101851851848
5 0.26068287037037036 0.22348958333333332 0.03502314814814813 0.02385416666666664