10 0.828125 0.3228877314814815 0.040625 0.0206134259259259
14 0.59453125 0.16462962962962963 0.034375 0.012708333333333321
2 0.59765625 0.09348958333333332 0.03125 0.011099537037037033
12 0.77734375 0.16895254629629627 0.034375 0.011145833333333322
4 0.58515625 0.28429976851851857 0.03125 0.009537037037036988
0 0.57578125 0.4610011574074074 0.0359375 0.018981481481481488
11 0.94453125 0.3281944444444444 0.0375 0.012754629629629654
7 0.021875 0.12076967592592594 0.0265625 0.012592592592592577
3 0.83046875 0.11035300925925925 0.0421875 0.014386574074074066
13 0.8609375 0.17630787037037038 0.0421875 0.020636574074074064
5 0.8015625 0.045156249999999995 0.0359375 0.004918981481481488
9 0.16171875 0.017916666666666668 0.0546875 0.02082175925925926