4 0.78046875 0.471875 0.0171875 0.0171875
7 0.28203125 0.425 0.0171875 0.0171875
11 0.98359375 0.4578125 0.0171875 0.0171875
0 0.8875 0.57890625 0.0171875 0.0171875
6 0.278125 0.553125 0.0171875 0.0171875
10 0.9234375 0.4671875 0.0171875 0.0171875
2 0.64765625 0.33984375 0.0171875 0.0171875
13 0.8484375 0.36640625 0.0171875 0.0171875
12 0.79921875 0.37109375 0.0171875 0.0171875
14 0.69921875 0.390625 0.0171875 0.0171875
5 0.73203125 0.290625 0.0171875 0.0171875
8 0.26796875 0.9515625 0.02265625 0.025
3 0.7890625 0.32890625 0.0171875 0.0171875
9 0.2859375 0.3265625 0.0171875 0.0171875