4 0.14483796296296297 0.3877835648148148 0.05498842592592594 0.0315509259259259
6 0.844224537037037 0.44149884259259264 0.05815972222222214 0.03472222222222214
7 0.8515972222222222 0.3062037037037037 0.05498842592592581 0.0315509259259259
12 0.12781250000000002 0.2934837962962963 0.0549884259259259 0.03155092592592599
2 0.34283564814814815 0.24966435185185185 0.05498842592592599 0.0315509259259259
3 0.14667245370370371 0.24788194444444445 0.0549884259259259 0.0315509259259259
14 0.26546296296296296 0.3016030092592593 0.0549884259259259 0.03155092592592599
9 0.8578703703703703 0.20218171296296297 0.05498842592592581 0.0315509259259259
13 0.060567129629629624 0.2905729166666667 0.05498842592592594 0.0315509259259259
8 0.820914351851852 0.8724074074074075 0.0740162037037038 0.050578703703703806
5 0.23122685185185182 0.20599537037037038 0.05498842592592599 0.0315509259259259