4 0.45190972222222225 0.43798611111111113 0.023819444444444393 0.01575231481481474
0 0.3575347222222222 0.5019560185185185 0.025416666666666643 0.017326388888889
10 0.33032986111111107 0.4256076388888889 0.02385416666666664 0.017314814814814738
2 0.5739930555555556 0.3574074074074074 0.023819444444444393 0.015752314814814827
6 0.9214409722222221 0.5399594907407408 0.023854166666667 0.017314814814814738
9 0.9268923611111111 0.36494791666666665 0.02385416666666664 0.017314814814814828
7 0.9244270833333333 0.4407349537037037 0.02538194444444457 0.01576388888888882
1 0.19361111111111112 0.4617708333333333 0.023819444444444438 0.01575231481481474
14 0.5264583333333334 0.38744212962962965 0.023819444444444393 0.015752314814814827
3 0.44703125000000005 0.34116319444444443 0.02538194444444457 0.01576388888888882
13 0.39656250000000004 0.3626273148148148 0.025416666666666643 0.017326388888888822
12 0.4369965277777778 0.37092013888888886 0.02538194444444457 0.01576388888888891
5 0.5022395833333333 0.31732060185185185 0.025381944444444395 0.01576388888888882
11 0.2844444444444444 0.4165740740740741 0.025416666666666643 0.017326388888889
8 0.9110416666666665 0.8321759259259259 0.025416666666666997 0.017326388888889