10 0.01875 0.44921875 0.0375 0.0078125
7 0.68203125 0.39755208333333336 0.0546875 0.008368055555555465
0 0.05546875 0.5688310185185186 0.0546875 0.008368055555555642
6 0.69140625 0.5298611111111111 0.0546875 0.008368055555555642
2 0.29609375 0.31346064814814817 0.0546875 0.008368055555555554
4 0.1625 0.4509085648148147 0.0546875 0.008368055555555642
14 0.24609375 0.36588541666666663 0.0546875 0.008368055555555554
12 0.1390625 0.3478703703703704 0.0546875 0.008368055555555554
3 0.14921875 0.30051504629629633 0.0546875 0.008368055555555554
9 0.675 0.29578125 0.0546875 0.008368055555555554
13 0.0875 0.3432175925925926 0.0546875 0.008368055555555554
5 0.2078125 0.2608449074074074 0.0546875 0.008368055555555554
8 0.71875 0.9431712962962961 0.0734375 0.024548611111111285