10 0.9137731481481481 0.46175347222222224 0.045949074074074045 0.017696759259259308
2 0.6320601851851853 0.31449652777777776 0.045949074074074045 0.017696759259259308
4 0.775636574074074 0.4615625 0.04756944444444446 0.01930555555555564
11 0.9650752314814814 0.45625 0.04600694444444429 0.01925925925925931
14 0.6872395833333333 0.37153935185185183 0.04600694444444446 0.01925925925925922
0 0.8916377314814815 0.5804976851851851 0.04600694444444429 0.01925925925925931
12 0.7826099537037038 0.35485532407407405 0.04751157407407414 0.017743055555555554
7 0.272800925925926 0.39125578703703706 0.04918981481481488 0.020914351851851885
6 0.275 0.5349131944444444 0.04924768518518521 0.022476851851851797
9 0.27045717592592594 0.28583333333333333 0.04600694444444446 0.01925925925925931
8 0.2927083333333333 0.9911111111111112 0.05381944444444446 0.017777777777777715
13 0.8294560185185185 0.355462962962963 0.04756944444444429 0.019305555555555555
5 0.7067997685185186 0.26754629629629634 0.04600694444444446 0.01925925925925931
3 0.7669270833333334 0.31068865740740736 0.047511574074074046 0.017743055555555554