1 0.09461805555555555 0.42388888888888887 0.037951388888888896 0.023923611111111142
0 0.25125000000000003 0.4727777777777778 0.03322916666666664 0.022256944444444392
6 0.7963368055555555 0.5208506944444444 0.03322916666666664 0.022256944444444392
10 0.23432291666666666 0.3793576388888889 0.03642361111111114 0.02545138888888889
11 0.19109375 0.36859375 0.036388888888888894 0.023888888888888894
2 0.4848263888888889 0.29093749999999996 0.033194444444444395 0.020694444444444394
12 0.3476736111111111 0.30961805555555555 0.03642361111111114 0.02545138888888889
9 0.8252430555555555 0.3091666666666667 0.03319444444444457 0.020694444444444394
3 0.3632465277777778 0.27175347222222224 0.036388888888888894 0.023888888888888894
7 0.8124131944444445 0.40012152777777776 0.034791666666666644 0.022291666666666644
4 0.34958333333333336 0.39555555555555555 0.034756944444444396 0.020729166666666642
5 0.41963541666666665 0.24157986111111113 0.03642361111111114 0.02545138888888889
13 0.3092013888888889 0.301875 0.03642361111111114 0.02545138888888889
8 0.7409548611111111 0.8777256944444444 0.042916666666666714 0.036527777777777715
14 0.43265624999999996 0.3350868055555556 0.03322916666666664 0.022256944444444392