4 0.1597048611111111 0.371875 0.03631944444444444 0.01875
6 0.8221527777777776 0.4796875 0.037951388888888715 0.021875
7 0.84296875 0.3515625 0.036354166666666646 0.0203125
12 0.1531597222222222 0.2796875 0.034791666666666644 0.0203125
2 0.3630729166666667 0.25546875 0.034791666666666644 0.0203125
3 0.1759375 0.2390625 0.03631944444444448 0.01875
14 0.2831944444444444 0.29921875 0.034791666666666644 0.0203125
9 0.8592534722222223 0.2515625 0.034791666666666644 0.0203125
13 0.08927083333333334 0.271875 0.03475694444444445 0.01875
8 0.7552256944444444 0.88984375 0.053923611111111214 0.0375
5 0.2618402777777778 0.20546875 0.036354166666666646 0.0203125