7 0.8437673611111112 0.3837673611111111 0.024085648148147953 0.022199074074074066
8 0.8485358796296296 0.9667650462962964 0.025648148148147955 0.022222222222222143
6 0.8443576388888889 0.5619618055555555 0.024085648148147953 0.022199074074073975
10 0.13325810185185186 0.4615104166666667 0.02247685185185184 0.020613425925925986
9 0.8442824074074075 0.21649884259259258 0.020868055555555286 0.01902777777777782
4 0.2982638888888889 0.4645370370370371 0.02408564814814813 0.022199074074073975
0 0.22186921296296297 0.6032291666666667 0.022476851851851887 0.020613425925925986
5 0.28705439814814815 0.16535300925925928 0.020868055555555553 0.019027777777777775
2 0.40858217592592594 0.25734375 0.017650462962962975 0.01585648148148149
4 0.05786458333333333 0.4493402777777778 0.024085648148148155 0.022199074074073975
14 0.3641608796296296 0.34085069444444444 0.02082175925925931 0.017465277777777823
3 0.22978587962962962 0.23732638888888893 0.021053240740740796 0.025277777777777823
13 0.17628472222222222 0.3045543981481481 0.01627314814814813 0.022083333333333323
12 0.2390625 0.31300347222222225 0.01953703703703704 0.026817129629629656