4 0.8025868055555556 0.4845486111111111 0.025555555555555644 0.019166666666666644
7 0.2787673611111111 0.43303819444444447 0.025555555555555554 0.019166666666666644
0 0.9133854166666666 0.5972395833333334 0.025555555555555286 0.019166666666666644
6 0.2732233796296296 0.5673784722222222 0.025555555555555554 0.019166666666666644
10 0.9527951388888889 0.4808506944444444 0.025555555555555644 0.019166666666666644
2 0.6644270833333333 0.34545138888888893 0.025555555555555644 0.019166666666666644
13 0.8746701388888889 0.3735763888888889 0.025555555555555644 0.019166666666666644
12 0.8236805555555555 0.3794791666666667 0.025555555555555644 0.019166666666666644
14 0.7175636574074075 0.3990104166666667 0.025555555555555644 0.019166666666666644
5 0.7535243055555556 0.2934895833333333 0.025555555555555644 0.019166666666666644
8 0.2584722222222222 0.986076388888889 0.030474537037037043 0.02708333333333357
3 0.81328125 0.33468749999999997 0.025555555555555644 0.019166666666666644
9 0.2841898148148148 0.3291840277777778 0.025555555555555554 0.019166666666666644