12 0.68203125 0.32109375 0.0171875 0.0171875
0 0.7921875 0.51015625 0.0171875 0.0171875
4 0.67578125 0.4171875 0.0171875 0.0171875
7 0.1515625 0.41796875 0.0171875 0.0171875
10 0.81171875 0.403125 0.0171875 0.0171875
2 0.52578125 0.3 0.0171875 0.0171875
3 0.6640625 0.2796875 0.0171875 0.0171875
6 0.16953125 0.5546875 0.02109375 0.0203125
13 0.72734375 0.3140625 0.0171875 0.0171875
9 0.1359375 0.3125 0.0171875 0.0171875
5 0.6015625 0.2453125 0.0171875 0.0171875
11 0.8625 0.39140625 0.0171875 0.0171875
8 0.22578125 0.9640625 0.0375 0.03125
14 0.5859375 0.3484375 0.0171875 0.0171875
1 0.98046875 0.4578125 0.0203125 0.02265625