6 0.10255208333333335 0.7280266203703704 0.07003472222222222 0.05343750000000007
7 0.09637152777777777 0.5491956018518518 0.06506944444444444 0.04090277777777782
13 0.9013715277777777 0.3885706018518519 0.053576388888888715 0.015821759259259237
14 0.6908854166666666 0.4401215277777778 0.048993055555555644 0.020474537037037166
2 0.6116840277777778 0.3836863425925926 0.052187500000000143 0.023622685185185156
4 0.8184895833333332 0.5329108796296296 0.05225694444444429 0.026747685185185156
0 0.9812673611111112 0.6598090277777777 0.035208333333333286 0.03287037037037042
12 0.8331076388888888 0.4023553240740741 0.05684027777777771 0.022094907407407403
3 0.8116840277777777 0.34705439814814815 0.05531250000000014 0.02364583333333332
5 0.7211979166666668 0.3063252314814815 0.058368055555555645 0.02054398148148149
9 0.08918402777777777 0.4156770833333333 0.06927083333333332 0.019062500000000072