10 0.0921875 0.45234375 0.0171875 0.0171875
4 0.25625 0.459375 0.0171875 0.0171875
6 0.8484375 0.5484375 0.0171875 0.0203125
0 0.13359375 0.5515625 0.0171875 0.0171875
11 0.01953125 0.44296875 0.0171875 0.0171875
12 0.23515625 0.37109375 0.0171875 0.0171875
14 0.3515625 0.39140625 0.0171875 0.0171875
2 0.4109375 0.34609375 0.0171875 0.0171875
13 0.17578125 0.365625 0.0171875 0.0171875
9 0.8453125 0.33828125 0.0171875 0.0171875
3 0.246875 0.3328125 0.0171875 0.0171875
5 0.31484375 0.3015625 0.0171875 0.0171875
7 0.846875 0.43046875 0.0171875 0.0171875
8 0.8515625 0.90390625 0.03515625 0.0390625