11 0.9015625 0.3984375 0.0171875 0.0171875
6 0.16328125 0.5015625 0.0171875 0.0171875
10 0.84453125 0.40546875 0.0171875 0.0171875
0 0.82421875 0.4953125 0.0171875 0.0171875
4 0.7015625 0.4109375 0.0171875 0.0171875
7 0.1703125 0.3953125 0.0171875 0.0171875
5 0.63984375 0.278125 0.0171875 0.0171875
9 0.175 0.315625 0.0171875 0.0171875
14 0.6140625 0.353125 0.0171875 0.0171875
3 0.69921875 0.3078125 0.0171875 0.0171875
13 0.76015625 0.334375 0.0171875 0.0171875
2 0.55703125 0.3171875 0.0171875 0.0171875
12 0.7140625 0.3390625 0.0171875 0.0171875
8 0.1359375 0.8859375 0.02109375 0.025