14 0.075 0.36953125 0.0171875 0.0171875
2 0.13203125 0.31640625 0.0171875 0.0171875
7 0.4671875 0.35859375 0.0171875 0.0171875
6 0.4609375 0.47421875 0.0171875 0.0171875
4 0.93359375 0.46171875 0.0171875 0.0171875
9 0.4734375 0.2703125 0.0171875 0.0171875
12 0.95703125 0.36796875 0.0171875 0.0171875
3 0.94765625 0.32265625 0.0171875 0.0171875
5 0.89140625 0.27890625 0.0171875 0.0171875
8 0.440625 0.8234375 0.0203125 0.02109375
2 0.80703125 0.3203125 0.02109375 0.0203125
14 0.85625 0.3734375 0.01875 0.0203125
5 0.05 0.27265625 0.01875 0.0203125