10 0.9453125 0.4671875 0.0171875 0.0171875
6 0.29765625 0.5484375 0.0171875 0.02109375
7 0.30234375 0.4203125 0.01875 0.02109375
0 0.90859375 0.57890625 0.02109375 0.0234375
14 0.7203125 0.3890625 0.0171875 0.0171875
2 0.6671875 0.3375 0.0171875 0.0171875
12 0.81875 0.3703125 0.0171875 0.0171875
13 0.86875 0.365625 0.0171875 0.0171875
4 0.8 0.46953125 0.0171875 0.0171875
3 0.81015625 0.32734375 0.0171875 0.0171875
5 0.75234375 0.2875 0.0171875 0.0171875
8 0.2875 0.9421875 0.0375 0.03515625
9 0.30546875 0.32265625 0.0171875 0.0171875