2 0.10222800925925926 0.3178298611111111 0.052164351851851844 0.027013888888888893
6 0.4102083333333333 0.48977430555555557 0.052164351851851976 0.027013888888888893
4 0.8711921296296297 0.47796874999999994 0.05395833333333329 0.03486111111111114
12 0.891226851851852 0.38149305555555557 0.050555555555555284 0.025416666666666643
7 0.4247800925925926 0.366875 0.052164351851851795 0.027013888888888893
5 0.8314583333333333 0.2906944444444444 0.050555555555555645 0.025416666666666643
13 0.9349537037037038 0.3813020833333333 0.050555555555555284 0.025416666666666643
14 0.7990162037037037 0.38432291666666674 0.05391203703703713 0.03329861111111119
0 0.9642476851851853 0.6047222222222223 0.05538194444444429 0.030208333333333216
9 0.436863425925926 0.2752604166666667 0.05211805555555564 0.02545138888888889
8 0.36094907407407406 0.8874826388888888 0.06337962962962962 0.03663194444444429
3 0.8840219907407407 0.33480902777777777 0.050601851851851974 0.026979166666666644
2 0.7553703703703704 0.3290798611111111 0.056805555555555644 0.025555555555555554
14 0.041944444444444444 0.37616319444444446 0.056990740740740745 0.03180555555555555
5 0.030063657407407407 0.27649305555555553 0.05225694444444444 0.030138888888888892