10 0.7964699074074074 0.36659722222222224 0.04907407407407405 0.022430555555555554
14 0.5885127314814815 0.33451967592592596 0.047511574074074046 0.02238425925925931
6 0.20057870370370373 0.4841435185185185 0.04924768518518512 0.02711805555555564
0 0.7781828703703704 0.43893518518518515 0.047511574074074046 0.02238425925925931
8 0.23197337962962963 0.7742997685185186 0.055613425925925955 0.03042824074074062
7 0.19293981481481481 0.3954050925925926 0.04907407407407409 0.02243055555555564
2 0.5357638888888889 0.3048668981481481 0.04756944444444429 0.02394675925925931
5 0.6058738425925926 0.2661111111111111 0.04907407407407405 0.022430555555555554
4 0.6718460648148148 0.38121527777777775 0.04756944444444446 0.02394675925925931
12 0.6765914351851852 0.3163020833333333 0.04907407407407405 0.022430555555555554
9 0.18614004629629627 0.3261516203703704 0.049131944444444464 0.023993055555555552
11 0.8428819444444444 0.3566377314814815 0.04907407407407405 0.022430555555555554
3 0.6628761574074075 0.28627314814814814 0.04756944444444429 0.02394675925925922
13 0.7205729166666667 0.30875578703703704 0.049131944444444464 0.023993055555555552
1 0.9483506944444444 0.3956539351851852 0.04907407407407405 0.02243055555555564