2 0.5047164351851852 0.27866319444444443 0.061863425925925954 0.017372685185185154
0 0.826244212962963 0.4403761574074074 0.06203703703703702 0.022060185185185155
7 0.08998842592592593 0.3841550925925926 0.06377314814814813 0.02675925925925924
10 0.827662037037037 0.3521296296296296 0.058854166666666784 0.02047453703703699
6 0.1192997685185185 0.5007465277777777 0.06863425925925926 0.031481481481481485
4 0.6790219907407408 0.3666493055555556 0.061863425925925954 0.017372685185185154
9 0.07123842592592593 0.29966435185185186 0.06516203703703702 0.022083333333333323
5 0.5787326388888889 0.23156828703703702 0.06168981481481488 0.012685185185185155
11 0.887355324074074 0.3400752314814815 0.058680555555555715 0.01578703703703699
3 0.6500868055555555 0.2602141203703704 0.06018518518518512 0.014236111111111071
13 0.7228587962962963 0.2849652777777778 0.056770833333333215 0.006400462962962905
12 0.6770833333333334 0.2932175925925926 0.05856481481481488 0.012662037037036989
8 0.22065972222222224 0.896701388888889 0.08107638888888884 0.030011574074073975
14 0.581105324074074 0.31671875 0.050578703703703806 0.00791666666666666