10 0.877025462962963 0.5037847222222223 0.042326388888889 0.017604166666666643
11 0.9574016203703704 0.49307291666666664 0.042326388888889 0.017604166666666643
7 0.015625 0.47109375 0.03125 0.0171875
2 0.5331076388888889 0.3680381944444444 0.042314814814814736 0.01604166666666664
5 0.6591840277777777 0.3052256944444444 0.042326388888889 0.017604166666666643
4 0.6857060185185185 0.51125 0.04075231481481474 0.016006944444444393
0 0.8013194444444445 0.6177083333333333 0.042314814814814736 0.01604166666666664
13 0.7996643518518519 0.39427083333333335 0.04075231481481474 0.016006944444444483
3 0.7290393518518519 0.3505208333333333 0.042314814814814736 0.01604166666666664
12 0.7317650462962962 0.4021354166666667 0.042314814814814736 0.01604166666666664
14 0.5936689814814814 0.42406249999999995 0.042326388888889 0.017604166666666643
9 0.01953125 0.3515625 0.0390625 0.015625
6 0.015625 0.61015625 0.03125 0.0171875