7 0.8665104166666666 0.4014756944444445 0.03177083333333357 0.023923611111111142
6 0.84109375 0.5955381944444443 0.03489583333333357 0.023993055555555642
10 0.07036458333333333 0.4213020833333333 0.0317361111111111 0.022361111111111144
2 0.3969270833333334 0.2175173611111111 0.028576388888888894 0.020729166666666642
5 0.2612673611111111 0.09647569444444444 0.030173611111111144 0.022326388888888892
0 0.16517361111111112 0.5867708333333332 0.03329861111111114 0.022395833333333216
4 0.2591145833333333 0.43956597222222216 0.03329861111111114 0.022395833333333216
9 0.8894618055555554 0.2128298611111111 0.025555555555555286 0.025347222222222233
8 0.7938715277777778 0.9897743055555555 0.036701388888888783 0.020451388888888998
12 0.198125 0.2646875 0.02881944444444442 0.03166666666666664
3 0.19387152777777777 0.1747048611111111 0.028645833333333304 0.02385416666666664
13 0.1273784722222222 0.24748263888888894 0.027083333333333303 0.023819444444444393