6 0.22300347222222222 0.54296875 0.05354166666666664 0.0109375
7 0.21140625000000002 0.44296875 0.05354166666666664 0.0109375
10 0.8487152777777778 0.46953125 0.051979166666666646 0.0109375
8 0.2627083333333333 0.88828125 0.05684027777777771 0.01875
9 0.2043576388888889 0.371875 0.05354166666666664 0.0109375
5 0.6453645833333332 0.35390625 0.05194444444444457 0.009375
3 0.6840104166666666 0.3703125 0.04552083333333332 0.0015625
13 0.7574131944444444 0.40390625 0.05656250000000007 0.00625
12 0.7152777777777778 0.40625 0.05045138888888889 0.0125
11 0.8907291666666666 0.46171875 0.051979166666667 0.0109375
0 0.8356423611111111 0.54921875 0.055173611111111145 0.0140625
14 0.6264756944444445 0.41796875 0.05034722222222214 0.0078125
4 0.6884722222222223 0.465625 0.050277777777777644 0.0046875
2 0.5482118055555556 0.3765625 0.05500000000000007 0.00625