14 0.9410706018518518 0.36266203703703703 0.026712962962962904 0.019050925925925898
2 0.8859375 0.3033159722222222 0.026712962962962904 0.01905092592592599
7 0.5313946759259259 0.3281018518518518 0.026712962962962904 0.01905092592592599
6 0.5299537037037038 0.4500115740740741 0.026712962962962904 0.01905092592592599
4 0.03585069444444444 0.40967013888888887 0.026712962962962973 0.01905092592592599
9 0.5307118055555555 0.23591435185185183 0.026712962962962904 0.01905092592592599
12 0.020260416666666666 0.3091087962962963 0.020462962962962968 0.01895833333333332
3 0.030856481481481478 0.26285300925925925 0.026712962962962973 0.01905092592592599
5 0.09226851851851851 0.2205324074074074 0.02671296296296295 0.019050925925925898
8 0.5287673611111111 0.8172569444444445 0.029872685185185155 0.023784722222222145
2 0.1777835648148148 0.2677083333333333 0.029861111111111116 0.022222222222222233
14 0.12271412037037037 0.3224363425925926 0.028287037037037034 0.020636574074074064
5 0.973917824074074 0.2613831018518519 0.028298611111111073 0.022199074074074066