12 0.27188657407407407 0.16057291666666668 0.047384259259259306 0.01416666666666666
10 0.2130497685185185 0.3101041666666667 0.06020833333333338 0.025196759259259238
2 0.45843171296296303 0.1033738425925926 0.052164351851851976 0.017326388888888912
14 0.4606307870370371 0.17759259259259258 0.04903935185185197 0.017303240740740744
4 0.45794560185185185 0.2978587962962963 0.04917824074074062 0.021990740740740745
11 0.09342592592592593 0.30609374999999994 0.056898148148148156 0.01892361111111107
13 0.18822337962962962 0.15760995370370373 0.05207175925925924 0.014201388888888911
3 0.22465277777777776 0.09539351851851852 0.05046296296296297 0.012627314814814827
5 0.25979745370370366 0.042540509259259264 0.05515046296296298 0.012662037037037032
0 0.4552488425925926 0.47045717592592595 0.05234953703703695 0.023576388888889
9 0.8988194444444446 0.07226851851851852 0.056944444444444284 0.020486111111111115