10 0.9723148148148149 0.4301041666666666 0.033067129629629474 0.012916666666666642
4 0.8425694444444446 0.42907986111111107 0.033090277777777996 0.014479166666666644
2 0.04362847222222223 0.3600868055555556 0.033067129629629634 0.012916666666666642
0 0.9520717592592594 0.5407465277777778 0.03472222222222214 0.019201388888888893
12 0.8505208333333332 0.33277777777777773 0.033090277777777996 0.014479166666666644
7 0.38298032407407406 0.3720833333333333 0.03469907407407406 0.01763888888888889
6 0.38406250000000003 0.49788194444444445 0.036261574074074154 0.017673611111111143
3 0.8350057870370371 0.28779513888888886 0.03150462962962948 0.012881944444444394
13 0.893431712962963 0.3279166666666667 0.03309027777777764 0.014479166666666644
9 0.3823726851851852 0.2783159722222222 0.03309027777777782 0.014479166666666644
8 0.3939409722222222 0.9009201388888888 0.04418981481481481 0.025659722222222216
5 0.7812905092592592 0.24913194444444448 0.03152777777777764 0.014444444444444393
2 0.7100868055555555 0.29604166666666665 0.03784722222222214 0.019270833333333303
14 0.7616203703703703 0.3456944444444444 0.039456018518518474 0.022430555555555554