10 0.2184895833333333 0.4306423611111111 0.053761574074074045 0.026701388888889
4 0.33521412037037035 0.44401041666666663 0.05225694444444447 0.028252314814814737
0 0.23990162037037038 0.5277025462962962 0.05225694444444447 0.028252314814814737
6 0.777517361111111 0.5496585648148148 0.053761574074074045 0.026701388888888823
9 0.786863425925926 0.3395138888888889 0.05225694444444438 0.028252314814814827
12 0.32589699074074074 0.3579803240740741 0.05219907407407405 0.026689814814814826
7 0.7835648148148148 0.4285763888888889 0.05225694444444447 0.028252314814814737
2 0.4604456018518519 0.3331886574074074 0.05219907407407405 0.026689814814814826
13 0.2847222222222222 0.3514236111111111 0.05381944444444446 0.02826388888888882
5 0.38940972222222225 0.28890046296296296 0.05225694444444447 0.028252314814814827
3 0.3374710648148148 0.3197743055555556 0.05219907407407405 0.02668981481481474
14 0.41105324074074073 0.37971064814814814 0.05225694444444447 0.028252314814814737
1 0.078125 0.4858680555555555 0.05225694444444445 0.028252314814814737
8 0.754832175925926 0.9089641203703703 0.06359953703703702 0.039270833333333144
11 0.17259837962962962 0.42483217592592587 0.05688657407407412 0.026724537037037165