7 0.4923379629629629 0.3136111111111111 0.036215277777777645 0.020567129629629654
2 0.8387094907407409 0.2999884259259259 0.03619212962962948 0.019004629629629656
14 0.8862905092592591 0.35851851851851857 0.03775462962962948 0.01902777777777782
4 0.9621527777777779 0.4596643518518519 0.03619212962962948 0.019004629629629476
12 0.9859375 0.3609375 0.028125 0.01875
6 0.47889467592592594 0.42984375 0.03777777777777782 0.020590277777777645
9 0.5030324074074074 0.2246875 0.03621527777777782 0.020567129629629654
5 0.9298553240740741 0.2661747685185185 0.037777777777778 0.020590277777777822
3 0.984375 0.31484375 0.03125 0.0203125
8 0.4377951388888889 0.7777488425925926 0.04733796296296298 0.03322916666666664
5 0.08845486111111112 0.20057291666666668 0.04083333333333332 0.015949074074074067
3 0.02459490740740741 0.23869791666666665 0.03616898148148148 0.017442129629629655
12 0.01328125 0.28125 0.0265625 0.021875
2 0.16278356481481482 0.24699652777777778 0.03773148148148149 0.017465277777777823
14 0.10579282407407406 0.2961631944444444 0.0378009259259259 0.02215277777777782
4 0.01953125 0.375 0.0390625 0.021875