10 0.1109375 0.440625 0.0171875 0.0171875
2 0.38203125 0.3046875 0.0171875 0.0171875
4 0.24609375 0.44453125 0.0171875 0.0171875
11 0.0609375 0.43359375 0.0171875 0.0171875
14 0.3296875 0.35859375 0.0171875 0.0171875
0 0.13671875 0.55703125 0.0171875 0.0171875
12 0.2359375 0.3390625 0.0171875 0.0171875
7 0.7359375 0.38984375 0.01875 0.01875
6 0.7390625 0.53046875 0.01875 0.02109375
9 0.734375 0.28671875 0.0171875 0.0171875
8 0.73828125 0.97734375 0.0234375 0.0203125
13 0.18984375 0.3390625 0.0171875 0.0171875
5 0.30703125 0.25625 0.0171875 0.0171875
3 0.24921875 0.296875 0.0171875 0.0171875