10 0.9202777777777778 0.34961805555555553 0.03019675925925931 0.017569444444444395
14 0.6345833333333333 0.29506944444444444 0.031759259259259306 0.017604166666666643
0 0.8805266203703704 0.4527777777777778 0.031759259259259306 0.017604166666666643
4 0.73640625 0.3630729166666667 0.031759259259259306 0.017604166666666643
6 0.09090856481481482 0.4890625 0.031759259259259265 0.017604166666666643
7 0.09537037037037037 0.36482638888888885 0.031759259259259265 0.017604166666666643
12 0.7609664351851851 0.27196180555555555 0.03180555555555564 0.019166666666666644
2 0.5678877314814814 0.2536111111111111 0.03019675925925931 0.017569444444444395
3 0.7464988425925926 0.23324652777777777 0.03180555555555564 0.019166666666666644
9 0.10049189814814814 0.27102430555555557 0.030196759259259263 0.017569444444444395
13 0.8182523148148148 0.26210069444444445 0.03180555555555564 0.019166666666666644
8 0.07027777777777777 0.8955034722222223 0.03828703703703704 0.027118055555555288
5 0.6709317129629631 0.20135416666666667 0.031759259259259306 0.017604166666666643