10 0.15769097222222223 0.49793402777777784 0.052118055555555556 0.02356481481481474
11 0.07774884259259258 0.4887499999999999 0.05207175925925926 0.02200231481481474
2 0.48875 0.36213541666666665 0.05207175925925931 0.02200231481481474
5 0.3588425925925926 0.3010300925925926 0.05207175925925931 0.02200231481481474
4 0.3476967592592593 0.5048090277777778 0.05363425925925931 0.022013888888888822
0 0.24071180555555555 0.6110243055555555 0.052118055555555556 0.02356481481481474
13 0.22554398148148147 0.38908564814814817 0.052118055555555556 0.02356481481481474
3 0.2922164351851852 0.34583912037037035 0.05207175925925931 0.02200231481481474
12 0.2937210648148148 0.3966203703703704 0.05211805555555564 0.023564814814814827
14 0.4326041666666667 0.4179571759259259 0.05363425925925931 0.022013888888888822
9 0.984375 0.3421875 0.03125 0.021875