7 0.8546875 0.38984375 0.02109375 0.0203125
8 0.81953125 0.9609375 0.02109375 0.025
6 0.84375 0.5640625 0.02109375 0.02109375
0 0.234375 0.56328125 0.0203125 0.0203125
2 0.4390625 0.2421875 0.01640625 0.0171875
5 0.328125 0.1484375 0.0203125 0.01875
4 0.31796875 0.4359375 0.0203125 0.0203125
11 0.08984375 0.40625 0.02109375 0.02109375
14 0.39140625 0.3234375 0.0171875 0.01875
10 0.16171875 0.4171875 0.01875 0.0203125
12 0.2734375 0.28515625 0.0171875 0.01640625
9 0.8703125 0.22421875 0.01875 0.01875
13 0.2109375 0.278125 0.0203125 0.0203125
3 0.26796875 0.2140625 0.0171875 0.01875