14 0.184375 0.2921875 0.0421875 0.0234375
2 0.23515625 0.24453125 0.0421875 0.0234375
7 0.56640625 0.2953125 0.04375 0.025
6 0.56015625 0.4125 0.0421875 0.0234375
4 0.1046875 0.37421875 0.0421875 0.025
9 0.571875 0.20703125 0.0421875 0.0234375
3 0.1015625 0.24140625 0.04375 0.025
13 0.04375 0.28359375 0.0421875 0.0234375
12 0.0890625 0.284375 0.0421875 0.0234375
8 0.5375 0.7625 0.046875 0.0328125
2 0.91640625 0.26953125 0.046875 0.021875
14 0.96875 0.328125 0.04375 0.0234375
5 0.16015625 0.20234375 0.04375 0.0234375