5 0.4290856481481482 0.21932870370370372 0.023622685185185333 0.025694444444444464
3 0.3827777777777778 0.2976273148148148 0.026886574074074066 0.04456018518518512
13 0.33652199074074074 0.38295717592592593 0.028402777777777822 0.03836805555555554
11 0.23629050925925926 0.56640625 0.0409143518518519 0.04039351851851851
1 0.14686921296296296 0.7322627314814815 0.048842592592592604 0.05630787037037042
2 0.7611516203703704 0.3172164351851852 0.03939814814814824 0.0465856481481481
14 0.752505787037037 0.41600115740740745 0.036261574074073974 0.044907407407407264
4 0.7474247685185185 0.574045138888889 0.04107638888888889 0.06226851851851869
0 0.7339641203703703 0.7613136574074074 0.053611111111111144 0.06741898148148148
12 0.4702314814814814 0.39363425925925927 0.0315393518518519 0.04004629629629637
10 0.4012615740740741 0.577488425925926 0.036354166666666646 0.05740740740740726