10 0.11270833333333333 0.4483796296296296 0.028298611111111073 0.02530092592592581
11 0.05875578703703703 0.4429282407407408 0.026724537037037033 0.023715277777777644
6 0.7563136574074074 0.5247916666666667 0.029872685185185332 0.026886574074073976
7 0.7528993055555555 0.3802951388888889 0.029837962962962906 0.022199074074074066
12 0.24006944444444445 0.34335648148148146 0.025138888888888912 0.020567129629629654
4 0.24709490740740742 0.44795138888888886 0.031435185185185156 0.026909722222222144
2 0.3858738425925926 0.30212962962962964 0.025150462962962992 0.022129629629629655
13 0.18925925925925924 0.3402025462962963 0.025138888888888912 0.020567129629629654
3 0.24675347222222221 0.2963773148148148 0.02670138888888891 0.020590277777777822
0 0.14013888888888887 0.5651736111111111 0.028287037037037034 0.02373842592592599
14 0.33315972222222223 0.3583854166666667 0.02986111111111107 0.025324074074074065
9 0.7489930555555555 0.27487268518518515 0.025138888888888822 0.020567129629629654
5 0.30582175925925925 0.2540914351851852 0.026689814814814826 0.01902777777777782
8 0.7667013888888888 0.9778125 0.037592592592592664 0.01450231481481481