11 0.775798611111111 0.3140625 0.036076388888889 0.0171875
0 0.7036574074074075 0.45546875 0.036076388888889 0.0171875
4 0.570769675925926 0.36015625 0.036076388888888825 0.0171875
1 0.9026736111111111 0.37734375 0.036076388888889 0.0171875
2 0.39586805555555554 0.24140625 0.036076388888888825 0.0171875
6 0.00546875 0.56484375 0.0109375 0.0171875
3 0.5523900462962963 0.2046875 0.036076388888889 0.0171875
10 0.7225289351851852 0.33359375 0.036076388888889 0.0171875
13 0.6216724537037036 0.23828125 0.036076388888889 0.0171875
12 0.5747048611111112 0.25078125 0.036076388888889 0.0171875
5 0.4791956018518519 0.171875 0.036076388888889 0.0171875
14 0.46738425925925925 0.28984375 0.036076388888889 0.0171875