10 0.3686284722222222 0.4329456018518519 0.06468749999999997 0.02385416666666664
2 0.9339583333333333 0.31393518518518515 0.05204861111111114 0.017418981481481487
12 0.613454861111111 0.31778356481481485 0.06447916666666664 0.014479166666666644
14 0.8079166666666666 0.3941261574074074 0.06788194444444429 0.027025462962962977
5 0.7727777777777778 0.18181712962962965 0.05652777777777791 0.008113425925925899
3 0.6519618055555556 0.2378587962962963 0.05986111111111114 0.017534722222222143
4 0.6272743055555556 0.5047685185185184 0.06940972222222222 0.025486111111111143
1 0.05569444444444445 0.48301504629629627 0.06621527777777778 0.022314814814814808
0 0.40140624999999996 0.6460011574074074 0.05840277777777771 0.022199074074073975
13 0.5304166666666668 0.2915451388888889 0.06475694444444428 0.026979166666666644
11 0.27013888888888893 0.3986631944444444 0.06937499999999996 0.023923611111111142