10 0.9671875 0.378125 0.02265625 0.02265625
12 0.79453125 0.2953125 0.0171875 0.0171875
6 0.1421875 0.4859375 0.0328125 0.02734375
0 0.94453125 0.4796875 0.02265625 0.0234375
7 0.128125 0.36171875 0.02890625 0.0265625
4 0.790625 0.3875 0.0171875 0.0171875
14 0.671875 0.315625 0.0171875 0.0171875
13 0.85703125 0.28828125 0.0171875 0.0171875
8 0.19296875 0.8859375 0.03515625 0.02890625
3 0.77734375 0.25625 0.0171875 0.0171875
9 0.11484375 0.26171875 0.0171875 0.0171875
5 0.69609375 0.2234375 0.0171875 0.0171875
2 0.59921875 0.27109375 0.0171875 0.0171875