10 0.02265625 0.52734375 0.0265625 0.03125
6 0.93984375 0.73203125 0.03828125 0.05078125
14 0.3484375 0.45703125 0.02421875 0.02890625
0 0.06015625 0.67421875 0.02890625 0.0359375
13 0.14765625 0.40859375 0.0359375 0.03359375
4 0.22734375 0.54921875 0.021875 0.03125
2 0.42890625 0.3953125 0.021875 0.0265625
7 0.94453125 0.55078125 0.03359375 0.04296875
12 0.2140625 0.4203125 0.02890625 0.02421875
3 0.2328125 0.3640625 0.02890625 0.0265625
5 0.321875 0.3234375 0.02890625 0.021875
9 0.95078125 0.415625 0.0359375 0.01953125