6 0.44765625 0.4390625 0.0171875 0.0171875
2 0.73828125 0.27890625 0.0171875 0.0171875
10 0.9796875 0.403125 0.0171875 0.0171875
7 0.4390625 0.3328125 0.0171875 0.0171875
14 0.7859375 0.32578125 0.0171875 0.0171875
0 0.95625 0.49296875 0.01875 0.0234375
12 0.86875 0.31484375 0.0171875 0.0171875
9 0.43203125 0.25234375 0.0171875 0.0171875
13 0.909375 0.31328125 0.0171875 0.0171875
5 0.80390625 0.2390625 0.0171875 0.0171875
8 0.4734375 0.75625 0.02265625 0.02734375
3 0.85546875 0.275 0.0171875 0.0171875
4 0.85859375 0.39765625 0.025 0.025
14 0.0765625 0.36875 0.0171875 0.01640625
4 0.003125 0.45859375 0.00625 0.02109375
2 0.121875 0.3140625 0.0140625 0.0140625
5 0.03984375 0.28125 0.0140625 0.0078125