7 0.7079745370370369 0.3539583333333333 0.040763888888889 0.026979166666666644
10 0.07465277777777776 0.37659722222222225 0.03918981481481483 0.025381944444444395
11 0.01796875 0.3671875 0.0359375 0.025
6 0.7073553240740742 0.4812673611111111 0.03918981481481474 0.025381944444444395
12 0.19895833333333332 0.285625 0.04076388888888886 0.026979166666666644
3 0.21191550925925923 0.2421701388888889 0.03918981481481474 0.025381944444444395
0 0.10751157407407405 0.48902777777777773 0.03918981481481483 0.02538194444444457
2 0.3487384259259259 0.25927083333333334 0.03918981481481474 0.025381944444444395
14 0.29598958333333336 0.30887152777777777 0.03920138888888891 0.026944444444444483
5 0.2678877314814815 0.20592013888888888 0.04075231481481474 0.025416666666666643
8 0.7016319444444445 0.8685763888888889 0.043912037037037166 0.030173611111111144
9 0.7088368055555556 0.25946180555555554 0.03918981481481474 0.025381944444444395
13 0.15204282407407405 0.27911458333333333 0.040752314814814825 0.025416666666666643
4 0.21453125 0.38439236111111114 0.04075231481481474 0.025416666666666643