2 0.21418402777777779 0.25546875 0.03931712962962965 0.0171875
6 0.5766030092592592 0.471875 0.03934027777777764 0.01875
7 0.5865335648148149 0.32890625 0.03931712962962965 0.0171875
14 0.14998842592592593 0.3171875 0.040902777777777774 0.01875
3 0.06194444444444445 0.2484375 0.040902777777777774 0.01875
12 0.042442129629629635 0.29921875 0.040879629629629634 0.0171875
4 0.045393518518518514 0.41640625 0.040879629629629634 0.0171875
9 0.595150462962963 0.221875 0.04090277777777764 0.01875
8 0.538431712962963 0.9390625 0.04572916666666664 0.028125
5 0.13137731481481482 0.20234375 0.040879629629629655 0.0171875
2 0.98828125 0.3 0.0234375 0.015625