7 0.18125 0.3427488425925926 0.0375 0.023611111111111072
10 0.971875 0.4798553240740741 0.0390625 0.023622685185185333
6 0.17890625 0.5364814814814814 0.040625 0.02207175925925924
0 0.853125 0.6313194444444445 0.0375 0.02517361111111107
5 0.821875 0.12718171296296296 0.034375 0.022025462962962993
9 0.18203125 0.15603587962962964 0.0375 0.018923611111111117
8 0.171875 0.9434606481481481 0.0375 0.023611111111111072
14 0.7140625 0.3302893518518519 0.0375 0.02204861111111107
3 0.88046875 0.21355324074074072 0.0296875 0.023553240740740743
13 0.93984375 0.29836805555555557 0.03125 0.02200231481481483
12 0.8640625 0.304056712962963 0.034375 0.018900462962962904
2 0.66953125 0.22995949074074074 0.028125 0.023541666666666662
4 0.77890625 0.470613425925926 0.034375 0.028275462962962905