10 0.9469502314814815 0.5126851851851851 0.05524305555555564 0.01905092592592581
6 0.27913194444444445 0.5504687500000001 0.05381944444444446 0.02371527777777782
7 0.29471643518518514 0.4201736111111112 0.05538194444444446 0.02373842592592581
0 0.8998900462962963 0.623755787037037 0.05855324074074062 0.025347222222222143
14 0.723900462962963 0.41715277777777776 0.053726851851851797 0.020590277777777645
2 0.6732002314814816 0.3609085648148148 0.05368055555555564 0.01902777777777782
12 0.8258796296296296 0.40459490740740733 0.05528935185185198 0.02061342592592581
13 0.876707175925926 0.4037847222222222 0.05372685185185198 0.020590277777777822
4 0.7978935185185185 0.505005787037037 0.053726851851851797 0.020590277777777822
3 0.8201446759259259 0.36074074074074075 0.05528935185185162 0.020613425925925986
5 0.7651909722222222 0.3161574074074074 0.053726851851851797 0.020590277777777822
8 0.23598379629629634 0.951568287037037 0.07459490740740744 0.03964120370370381
9 0.30627314814814816 0.3203009259259259 0.05524305555555555 0.01905092592592599