14 0.2568923611111111 0.31450810185185185 0.029988425925925988 0.017743055555555554
7 0.7615856481481481 0.3825636574074074 0.03472222222222214 0.021006944444444463
6 0.7437557870370369 0.4968287037037037 0.033159722222222146 0.020960648148148308
3 0.1591261574074074 0.2514814814814815 0.029988425925925943 0.017743055555555554
4 0.14299768518518519 0.37516782407407406 0.03155092592592594 0.017789351851851886
2 0.3289699074074074 0.27759837962962963 0.02996527777777782 0.016180555555555552
12 0.13941550925925925 0.29150462962962964 0.029965277777777778 0.016180555555555552
5 0.23685763888888892 0.2272337962962963 0.029988425925925988 0.017743055555555554
13 0.07754629629629631 0.2795196759259259 0.03155092592592594 0.017789351851851886
9 0.774363425925926 0.29626157407407405 0.03467592592592581 0.017881944444444464
8 0.6897511574074074 0.8575694444444444 0.04418981481481481 0.027534722222222287