7 0.8046875 0.371875 0.0203125 0.02109375
6 0.79453125 0.53984375 0.0203125 0.01875
2 0.41015625 0.253125 0.0171875 0.0171875
5 0.3015625 0.17109375 0.0203125 0.01875
14 0.36640625 0.33359375 0.0171875 0.01875
0 0.21953125 0.57578125 0.01875 0.01875
9 0.8140625 0.2171875 0.0203125 0.0203125
2 0.2515625 0.309375 0.01875 0.0171875
8 0.78046875 0.9109375 0.0234375 0.0296875
4 0.296875 0.446875 0.0125 0.02265625
10 0.14609375 0.44140625 0.01875 0.02734375
3 0.2453125 0.2359375 0.01640625 0.01875
13 0.1921875 0.2984375 0.01484375 0.0171875
11 0.0765625 0.4328125 0.0125 0.01875