7 0.18233796296296295 0.3818402777777778 0.03297453703703703 0.022037037037036987
10 0.973298611111111 0.44785879629629627 0.03297453703703681 0.022037037037036987
6 0.19578125000000002 0.5710127314814815 0.036122685185185154 0.025185185185185154
0 0.8682060185185186 0.6072453703703704 0.03456018518518533 0.02517361111111107
5 0.7976446759259259 0.11294560185185185 0.03140046296296291 0.02046296296296295
9 0.1680787037037037 0.19734953703703703 0.03296296296296295 0.020474537037037034
8 0.22091435185185188 0.9751273148148147 0.03298611111111107 0.02359953703703681
14 0.707019675925926 0.32322337962962966 0.03297453703703699 0.022037037037036987
3 0.8618923611111111 0.1938946759259259 0.026747685185185333 0.025115740740740744
13 0.9269386574074072 0.27250578703703704 0.02672453703703681 0.021990740740740745
12 0.8526273148148149 0.2844560185185185 0.029826388888889 0.018888888888888823
2 0.6553761574074074 0.22830439814814815 0.025185185185185154 0.02510416666666666
4 0.7818287037037037 0.45503472222222224 0.03302083333333332 0.02828703703703699