0 0.6576388888888889 0.5243171296296296 0.047256944444444574 0.014189814814814738
11 0.7230381944444444 0.44434606481481487 0.04729166666666664 0.01575231481481474
14 0.506076388888889 0.4177430555555556 0.04885416666666664 0.01576388888888882
10 0.6810937499999999 0.45497106481481475 0.04729166666666664 0.01575231481481474
2 0.46328125 0.3900868055555556 0.048819444444444395 0.014201388888888822
6 0.15980902777777778 0.5479687500000001 0.04729166666666664 0.01575231481481474
3 0.5770486111111112 0.37765046296296295 0.04885416666666664 0.01576388888888882
7 0.15633680555555554 0.46201967592592597 0.04729166666666664 0.01575231481481474
5 0.5281597222222223 0.3569791666666667 0.04885416666666664 0.01576388888888891
4 0.5727083333333333 0.46354166666666663 0.04885416666666664 0.015763888888889
12 0.5846354166666667 0.4027025462962963 0.04729166666666664 0.01575231481481474
13 0.624375 0.39831018518518524 0.04885416666666664 0.01576388888888891
1 0.8044444444444444 0.4871296296296297 0.04885416666666664 0.015763888888889
9 0.15564236111111113 0.395619212962963 0.048819444444444436 0.014201388888888911
8 0.16857638888888887 0.8018981481481482 0.047256944444444435 0.014189814814814738