11 0.14456018518518518 0.3741840277777778 0.058090277777777775 0.014513888888888892
14 0.4179918981481482 0.3271527777777778 0.05652777777777782 0.014479166666666644
10 0.19549189814814816 0.38546874999999997 0.058090277777777734 0.014513888888888892
1 0.029218750000000005 0.44347222222222216 0.058090277777777775 0.014513888888888715
12 0.32234375000000004 0.3023784722222222 0.058090277777777824 0.014513888888888892
4 0.32622685185185185 0.4063368055555555 0.058090277777777824 0.014513888888888892
0 0.21210648148148153 0.5053298611111111 0.05652777777777782 0.014479166666666644
3 0.33729745370370373 0.25741319444444444 0.05655092592592599 0.01604166666666664
2 0.47357060185185185 0.2830902777777778 0.058090277777777824 0.014513888888888892
6 0.8299305555555556 0.5620138888888888 0.06128472222222214 0.019270833333333216
13 0.27843171296296293 0.29046875 0.05655092592592599 0.01604166666666664
7 0.8363599537037036 0.41611111111111115 0.05813657407407433 0.01763888888888889
5 0.39693287037037034 0.22359374999999998 0.05652777777777782 0.014479166666666644
9 0.8417361111111111 0.3045486111111111 0.05655092592592581 0.01604166666666664