10 0.978125 0.40134837962962966 0.0265625 0.02045138888888882
14 0.78984375 0.3222743055555556 0.025 0.018877314814814826
2 0.115625 0.2983622685185185 0.025 0.020439814814814827
0 0.9546875 0.4905844907407408 0.0265625 0.018888888888889
6 0.44375 0.43108796296296303 0.025 0.01887731481481474
4 0.8609375 0.39596643518518515 0.025 0.018877314814814916
7 0.43828125 0.3233159722222222 0.025 0.018877314814814826
12 0.871875 0.31072916666666667 0.0265625 0.02045138888888882
9 0.43359375 0.24131944444444448 0.0265625 0.02045138888888882
3 0.8625 0.2732986111111111 0.0265625 0.02045138888888882
5 0.8109375 0.23696180555555557 0.0265625 0.018888888888888823
13 0.9140625 0.3119791666666667 0.0265625 0.02045138888888882
8 0.459375 0.7520659722222222 0.03125 0.02673611111111107
2 0.74296875 0.2741840277777778 0.021875 0.015729166666666662
14 0.06640625 0.35419560185185184 0.0265625 0.02045138888888891
5 0.0328125 0.26303819444444443 0.0203125 0.017280092592592666