4 0.9171875 0.4109375 0.02109375 0.0203125
2 0.0078125 0.32265625 0.015625 0.0171875
12 0.92890625 0.31171875 0.0171875 0.0171875
6 0.4171875 0.47265625 0.0171875 0.0171875
7 0.40546875 0.34453125 0.0171875 0.0171875
9 0.39765625 0.25 0.0171875 0.0171875
3 0.9125 0.2640625 0.0171875 0.0171875
5 0.84609375 0.22265625 0.0171875 0.0171875
8 0.45 0.8546875 0.02265625 0.02265625
13 0.98359375 0.30703125 0.0171875 0.0171875
14 0.82265625 0.3234375 0.0171875 0.0171875
2 0.765625 0.2734375 0.02109375 0.0203125