10 0.0203125 0.40546875 0.040625 0.0296875
12 0.18508680555555554 0.30770833333333336 0.0534259259259259 0.023888888888888894
6 0.8702835648148148 0.45347222222222217 0.06918981481481482 0.033611111111111217
0 0.042702546296296294 0.50859375 0.05818287037037038 0.028680555555555643
7 0.8761979166666667 0.3251736111111111 0.0645023148148148 0.033506944444444464
4 0.1950810185185185 0.4020486111111111 0.05184027777777782 0.022291666666666644
14 0.3126388888888889 0.31894097222222223 0.05342592592592599 0.023888888888888894
13 0.11939236111111111 0.3044791666666667 0.051863425925925945 0.02385416666666664
8 0.8459722222222222 0.8697743055555556 0.07077546296296297 0.035208333333333286
3 0.19931712962962964 0.2659722222222222 0.053425925925925946 0.023888888888888894
9 0.8832407407407408 0.22029513888888888 0.051840277777777645 0.022291666666666644
5 0.2815625 0.22585069444444444 0.05340277777777782 0.022326388888888892
2 0.3845659722222222 0.2681076388888889 0.05342592592592599 0.023888888888888894