14 0.6328125 0.365625 0.0171875 0.0171875
10 0.83984375 0.40859375 0.0171875 0.0171875
11 0.89296875 0.4 0.0171875 0.0171875
12 0.721875 0.35 0.0171875 0.0171875
3 0.7078125 0.3203125 0.0171875 0.0171875
7 0.2328125 0.403125 0.0171875 0.0171875
6 0.2453125 0.49375 0.0171875 0.0171875
0 0.8265625 0.48359375 0.0171875 0.0171875
8 0.2796875 0.7859375 0.02109375 0.02265625
2 0.5765625 0.3328125 0.0171875 0.0171875
13 0.76484375 0.3453125 0.0171875 0.0171875
9 0.22578125 0.3328125 0.0171875 0.0171875
5 0.6484375 0.296875 0.0171875 0.0171875
4 0.7171875 0.4171875 0.0171875 0.0171875