10 0.30618055555555557 0.6032118055555555 0.03357638888888888 0.035069444444444466
11 0.15779513888888888 0.6011574074074074 0.033506944444444464 0.03194444444444446
13 0.23378472222222219 0.4371122685185185 0.027083333333333393 0.02394675925925931
3 0.27036458333333335 0.36168402777777775 0.02385416666666664 0.019166666666666644
4 0.608125 0.5942013888888888 0.025555555555555644 0.025462962962962975
12 0.3540972222222222 0.4406770833333333 0.023923611111111142 0.022291666666666644
0 0.6102083333333332 0.7582175925925926 0.033506944444444284 0.03194444444444446
5 0.303125 0.2900462962962963 0.02052083333333332 0.009699074074074065
1 0.09152777777777778 0.7459722222222223 0.030312499999999985 0.0287268518518518
2 0.6017708333333334 0.3785300925925926 0.020729166666666642 0.019074074074074066
2 0.5938194444444445 0.3720486111111111 0.020659722222222142 0.015949074074074067