7 0.4743692129629629 0.3091724537037037 0.03467592592592581 0.017881944444444464
14 0.07007523148148148 0.35072337962962963 0.03621527777777778 0.016377314814814792
6 0.47457754629629634 0.42876157407407406 0.034652777777777824 0.016319444444444463
8 0.4783738425925925 0.7905381944444445 0.03630787037037031 0.02262731481481488
3 0.9781539351851851 0.22954282407407406 0.03623842592592581 0.01793981481481488
12 0.984375 0.27578125 0.03125 0.0171875
2 0.12389467592592593 0.2901041666666667 0.0346759259259259 0.017881944444444464
9 0.4730034722222222 0.21698495370370371 0.034675925925925985 0.017881944444444464
5 0.03735532407407407 0.25266203703703705 0.036238425925925924 0.01793981481481488
2 0.8274074074074074 0.23747106481481478 0.037824074074073975 0.019560185185185118
14 0.8829166666666666 0.2909143518518518 0.034629629629629476 0.014756944444444465
4 0.969392361111111 0.3768229166666667 0.039432870370370667 0.022743055555555537
5 0.9150173611111111 0.18888888888888888 0.031458333333333144 0.01151620370370372