0 0.9360532407407408 0.640625 0.019027777777777997 0.01875
6 0.35408564814814814 0.5921875 0.020636574074074064 0.021875
7 0.3546469907407407 0.471875 0.02373842592592599 0.0203125
12 0.8440046296296295 0.4390625 0.019027777777777997 0.01875
8 0.35252893518518513 0.96171875 0.02537037037037031 0.025
10 0.9673148148148147 0.5359375 0.019027777777777997 0.01875
9 0.35484375 0.3796875 0.020567129629629654 0.0171875
3 0.8324421296296297 0.396875 0.020567129629629477 0.0171875
2 0.6973784722222222 0.403125 0.019027777777777644 0.01875
14 0.7481423611111111 0.4546875 0.020567129629629477 0.0171875
4 0.8289872685185184 0.5328125 0.020567129629629477 0.0171875
5 0.775625 0.35859375 0.019004629629629476 0.0171875
13 0.8908449074074074 0.43671875 0.019027777777777644 0.01875