6 0.9403472222222222 0.6521585648148148 0.03184027777777772 0.027349537037036954
7 0.9630208333333332 0.43990740740740736 0.028715277777777715 0.027256944444444285
2 0.46968750000000004 0.2601215277777778 0.02385416666666664 0.019305555555555555
5 0.34715277777777775 0.15288773148148146 0.026979166666666644 0.01939814814814813
10 0.13786458333333335 0.4713831018518519 0.0270486111111111 0.02252314814814831
0 0.216875 0.6400231481481482 0.022291666666666644 0.01925925925925931
4 0.3201909722222222 0.4878414351851852 0.023923611111111142 0.02243055555555564
13 0.2072395833333333 0.3006886574074074 0.023888888888888894 0.020868055555555553
9 0.9845138888888888 0.24564814814814814 0.023923611111111142 0.022430555555555554
11 0.05864583333333333 0.45265046296296296 0.02548611111111112 0.022476851851851977
12 0.27489583333333334 0.3127372685185185 0.022291666666666644 0.01925925925925931
3 0.2728298611111111 0.23004050925925928 0.026979166666666644 0.01939814814814813
14 0.40901041666666665 0.3556076388888889 0.025520833333333392 0.024039351851851798