7 0.48984375 0.31953125 0.0171875 0.0171875
2 0.15859375 0.28984375 0.0171875 0.0171875
14 0.1109375 0.34453125 0.0171875 0.0171875
4 0.03359375 0.43671875 0.0171875 0.0171875
12 0.00859375 0.34296875 0.0171875 0.0171875
6 0.49609375 0.43203125 0.0171875 0.0171875
9 0.48359375 0.234375 0.0171875 0.0171875
5 0.0734375 0.25390625 0.0171875 0.0171875
3 0.015625 0.2984375 0.0171875 0.0171875
13 0.99375 0.3078125 0.0125 0.0171875
8 0.51953125 0.76640625 0.0265625 0.02890625
5 0.88125 0.23046875 0.0203125 0.0140625
3 0.93984375 0.2703125 0.01640625 0.01484375
12 0.953125 0.3125 0.01875 0.0203125
2 0.8078125 0.271875 0.0171875 0.01484375
14 0.86015625 0.321875 0.01640625 0.0203125
4 0.940625 0.4015625 0.0234375 0.0171875