4 0.4065393518518519 0.35546875 0.042337962962962904 0.0265625
10 0.26256944444444447 0.32578125 0.04232638888888891 0.025
1 0.08475694444444445 0.36796875 0.04076388888888889 0.025
11 0.2092997685185185 0.30625 0.04077546296296299 0.0265625
2 0.5767881944444444 0.24140625 0.0407754629629629 0.0265625
0 0.275162037037037 0.44375 0.04076388888888891 0.025
3 0.42807870370370366 0.2046875 0.042326388888889 0.025
14 0.5099305555555556 0.2859375 0.042337962962962904 0.0265625
13 0.3580034722222222 0.23671875 0.04076388888888882 0.025
6 0.9643402777777779 0.56484375 0.0407754629629629 0.0265625
7 0.98828125 0.41015625 0.0234375 0.0265625
12 0.4057581018518519 0.25 0.042326388888889 0.025
5 0.4989351851851852 0.17265625 0.0407754629629629 0.0265625