0 0.05953125 0.6263252314814816 0.028541666666666667 0.017326388888889
6 0.6398611111111111 0.601712962962963 0.033333333333333395 0.02204861111111107
7 0.6440798611111112 0.482193287037037 0.030173611111111144 0.020462962962962905
12 0.16 0.43016203703703704 0.028541666666666642 0.017326388888889
8 0.6254340277777778 0.9696354166666665 0.03496527777777771 0.02518518518518533
10 0.03375 0.5206481481481482 0.030138888888888892 0.018900462962962904
9 0.6476736111111111 0.39079861111111114 0.030138888888888892 0.018900462962962994
3 0.1734375 0.38806712962962964 0.030138888888888892 0.018900462962962904
2 0.30680555555555555 0.39921296296296294 0.028541666666666642 0.017326388888888822
14 0.2541319444444444 0.4488310185185185 0.028576388888888894 0.018888888888889
4 0.17043402777777777 0.5232233796296296 0.028541666666666642 0.017326388888888822
5 0.2312847222222222 0.3517708333333333 0.030138888888888892 0.018900462962962904
13 0.11322916666666667 0.42512731481481475 0.028576388888888894 0.018888888888889