7 0.80859375 0.421875 0.03368055555555571 0.0234375
6 0.7815972222222223 0.60234375 0.03368055555555553 0.0234375
10 0.08107638888888888 0.4265625 0.032060185185185185 0.021875
9 0.83515625 0.253125 0.02893518518518512 0.021875
4 0.24754050925925924 0.44609375 0.030613425925925954 0.025
0 0.14809027777777778 0.57890625 0.030497685185185208 0.021875
5 0.28214699074074073 0.14453125 0.03043981481481479 0.0203125
2 0.39152199074074073 0.25 0.02719907407407405 0.0171875
4 0.01171875 0.40625 0.0234375 0.025
14 0.332349537037037 0.32890625 0.02887731481481488 0.0203125
3 0.2140625 0.2109375 0.029050925925925952 0.025
13 0.15005787037037038 0.27265625 0.025868055555555537 0.0234375
12 0.21122685185185186 0.2875 0.02598379629629628 0.0265625