12 0.61328125 0.32016782407407407 0.025 0.01416666666666666
10 0.34296875 0.4384780092592592 0.0328125 0.026724537037037165
14 0.82265625 0.406875 0.0234375 0.020405092592592666
2 0.959375 0.32507523148148143 0.0234375 0.018842592592592668
3 0.65234375 0.23842592592592596 0.0359375 0.020497685185185154
5 0.78828125 0.18318287037037037 0.0265625 0.009490740740740744
11 0.2375 0.39863425925925927 0.0265625 0.014178240740740745
4 0.62109375 0.5256944444444445 0.028125 0.020439814814814737
1 0.00703125 0.48671875 0.0140625 0.0234375
0 0.378125 0.6692071759259259 0.0328125 0.026724537037036988
13 0.525 0.29060763888888885 0.04375 0.033055555555555574