2 0.04730324074074074 0.25713541666666667 0.0658912037037037 0.02744212962962962
14 0.1739872685185185 0.34242476851851855 0.06270833333333332 0.01953703703703704
5 0.2224479166666667 0.12697337962962965 0.06104166666666666 0.005428240740740708
10 0.6305613425925926 0.3906018518518518 0.05800925925925924 0.017835648148148132
0 0.5797627314814815 0.6053414351851852 0.06277777777777764 0.02891203703703695
12 0.3807407407407407 0.26834490740740746 0.06740740740740736 0.021238425925925952
11 0.7323726851851852 0.35399884259259257 0.05954861111111107 0.014756944444444465
4 0.3566435185185185 0.46354745370370376 0.07528935185185182 0.030844907407407262
3 0.3469965277777778 0.18420717592592592 0.06582175925925923 0.01806712962962962
1 0.9480381944444446 0.4475868055555555 0.07212962962962947 0.02606481481481495
13 0.47391203703703705 0.23824652777777774 0.05644675925925924 0.0177893518518518