6 0.2265625 0.56015625 0.0171875 0.0171875
7 0.21484375 0.4640625 0.0171875 0.0171875
10 0.83046875 0.46796875 0.0171875 0.0171875
8 0.2703125 0.8921875 0.0203125 0.025
1 0.98828125 0.5109375 0.0171875 0.0171875
9 0.20703125 0.3953125 0.0171875 0.0171875
5 0.6328125 0.36328125 0.0171875 0.0171875
3 0.6703125 0.37734375 0.01015625 0.01015625
13 0.7421875 0.4078125 0.02265625 0.0125
12 0.7015625 0.4109375 0.01484375 0.01875
11 0.87109375 0.45859375 0.0171875 0.01875
0 0.81953125 0.5453125 0.01875 0.02109375
14 0.61484375 0.42578125 0.01640625 0.01484375
4 0.67578125 0.46953125 0.01640625 0.0125
2 0.5390625 0.3875 0.01875 0.0140625