14 0.5061284722222222 0.4311284722222222 0.042569444444444396 0.023993055555555642
0 0.3070833333333333 0.6087037037037037 0.04256944444444448 0.023993055555555642
2 0.5635243055555555 0.37895833333333334 0.042569444444444396 0.023993055555555552
12 0.36645833333333333 0.39966435185185184 0.04256944444444448 0.023993055555555642
5 0.4370659722222222 0.3096296296296296 0.042604166666666644 0.025555555555555554
11 0.15338541666666666 0.4729861111111111 0.042604166666666644 0.025555555555555644
3 0.37001736111111116 0.34902199074074075 0.042604166666666644 0.025555555555555644
4 0.41579861111111105 0.5119907407407407 0.042604166666666644 0.025555555555555644
1 0.02928819444444445 0.5450405092592593 0.041041666666666664 0.025509259259259308
10 0.2255208333333333 0.48683449074074076 0.041006944444444395 0.02394675925925931
13 0.30218749999999994 0.3883912037037037 0.04413194444444439 0.02403935185185193