10 0.048593750000000005 0.4637789351851852 0.026979166666666665 0.017326388888889
6 0.7862847222222222 0.5723958333333334 0.026979166666666644 0.017326388888889
4 0.21454861111111115 0.4773958333333333 0.026979166666666644 0.017326388888889
0 0.08208333333333333 0.5643287037037037 0.026979166666666686 0.017326388888889
7 0.7970833333333334 0.4605787037037038 0.026979166666666644 0.017326388888889
9 0.8044791666666666 0.3714467592592593 0.026979166666666644 0.017326388888888822
2 0.37701388888888887 0.3691435185185185 0.026979166666666644 0.017326388888888912
14 0.3138715277777778 0.4110243055555555 0.026979166666666644 0.017326388888889
12 0.19928819444444446 0.38843171296296297 0.026979166666666644 0.017326388888888822
13 0.14446180555555554 0.3825868055555556 0.026979166666666644 0.017326388888888912
8 0.7532291666666667 0.9133217592592594 0.033368055555555644 0.023622685185185333
3 0.2156944444444444 0.35314814814814816 0.026979166666666644 0.017326388888888822
5 0.2845659722222222 0.32294560185185184 0.026979166666666644 0.017326388888888912