2 0.12063657407407406 0.4304166666666667 0.020914351851851885 0.020729166666666642
7 0.4727604166666667 0.46793402777777776 0.01925925925925931 0.01756944444444457
5 0.9120775462962964 0.36123263888888885 0.020821759259258953 0.017604166666666643
2 0.8127314814814814 0.4119097222222222 0.02082175925925931 0.017604166666666643
8 0.4612673611111111 0.8715798611111112 0.01939814814814813 0.022256944444444572
6 0.4651331018518518 0.5798958333333333 0.017650462962962975 0.015972222222222145
4 0.9380150462962963 0.5506249999999999 0.02243055555555564 0.019201388888888893
9 0.4723263888888889 0.3741319444444445 0.01925925925925931 0.017569444444444395
12 0.9765740740740739 0.45361111111111113 0.020960648148147954 0.022291666666666644
14 0.06773148148148148 0.4917881944444444 0.020914351851851844 0.020729166666666642
5 0.01934027777777778 0.3888888888888889 0.01774305555555556 0.01909722222222223
14 0.8611805555555556 0.4639930555555555 0.020868055555555643 0.019166666666666644
3 0.9727719907407408 0.40444444444444444 0.022384259259258955 0.01763888888888889