6 0.1894675925925926 0.6895833333333334 0.06452546296296298 0.05406249999999986
7 0.18211805555555555 0.5122222222222221 0.06105324074074074 0.044618055555555716
14 0.7871238425925926 0.4710243055555555 0.04791666666666679 0.027152777777777713
4 0.9176793981481481 0.5816493055555556 0.04479166666666643 0.027083333333333216
2 0.7049768518518519 0.4028472222222222 0.04629629629629619 0.025555555555555644
13 0.9890625 0.43828125 0.021875 0.0359375
3 0.9144097222222222 0.3879861111111111 0.05584490740740762 0.030451388888888875
12 0.9377314814814814 0.44861111111111107 0.04942129629629619 0.02562500000000014
5 0.8203993055555557 0.33671875 0.050868055555555715 0.022534722222222213
9 0.18098958333333334 0.3763715277777778 0.06348379629629627 0.025937500000000037
5 0.3783564814814815 0.5837152777777778 0.07395833333333339 0.05583333333333336