4 0.16819444444444445 0.43525462962962963 0.05528935185185184 0.008414351851851798
0 0.058240740740740746 0.5634027777777778 0.05528935185185184 0.008414351851851798
10 0.021875 0.44609375 0.04375 0.0078125
7 0.7016435185185186 0.34529513888888885 0.05528935185185198 0.008414351851851798
6 0.7093344907407408 0.4808854166666666 0.05528935185185198 0.008414351851851975
2 0.30995370370370373 0.2874305555555556 0.0552893518518518 0.008414351851851798
14 0.2536458333333333 0.3437384259259259 0.0552893518518518 0.008414351851851798
9 0.6953703703703704 0.24088541666666669 0.05528935185185198 0.008414351851851798
5 0.2177083333333333 0.23942708333333335 0.0552893518518518 0.008414351851851798
13 0.09310185185185185 0.3352256944444444 0.05528935185185184 0.008414351851851798
3 0.15620949074074075 0.28652199074074075 0.05528935185185189 0.008414351851851798
8 0.7311631944444444 0.903304398148148 0.07450231481481477 0.024594907407407617