10 0.06953125 0.4828125 0.0171875 0.0171875
4 0.240625 0.4921875 0.0171875 0.0171875
7 0.85625 0.47421875 0.0171875 0.0171875
6 0.84375 0.59765625 0.0265625 0.0265625
0 0.1046875 0.584375 0.0171875 0.0171875
14 0.34296875 0.4234375 0.0171875 0.0171875
13 0.16640625 0.3984375 0.0171875 0.0171875
2 0.40859375 0.38125 0.0171875 0.0171875
3 0.2390625 0.3640625 0.0171875 0.0171875
9 0.86328125 0.38125 0.0171875 0.0171875
12 0.2234375 0.40390625 0.0171875 0.0171875
5 0.3125 0.33515625 0.0171875 0.0171875