6 0.3579513888888889 0.5699652777777777 0.030104166666666644 0.019444444444444466
2 0.049895833333333334 0.46394675925925927 0.02850694444444445 0.017824074074074048
11 0.9416145833333334 0.5532696759259259 0.030069444444444572 0.017881944444444464
7 0.36206597222222225 0.4903645833333334 0.028541666666666642 0.01938657407407405
4 0.775173611111111 0.5486689814814815 0.02850694444444457 0.017824074074074048
10 0.8915625 0.553761574074074 0.030104166666666644 0.019444444444444466
14 0.00625 0.5015625 0.0125 0.01875
8 0.3478645833333333 0.8127604166666668 0.030208333333333393 0.024131944444444286
12 0.7922222222222222 0.4851851851851852 0.028506944444444394 0.017824074074074048
0 0.8563715277777778 0.6243923611111111 0.028541666666666642 0.01938657407407405
13 0.8328472222222221 0.48668981481481477 0.02850694444444457 0.017824074074074048
3 0.7872916666666667 0.4607638888888889 0.030104166666666644 0.019444444444444285
9 0.3657638888888889 0.4295138888888889 0.030104166666666644 0.019444444444444285
5 0.7386805555555556 0.43159722222222224 0.02211805555555557 0.01134259259259256
2 0.6661111111111111 0.46018518518518514 0.026875000000000072 0.014641203703703809
14 0.7091319444444444 0.49461805555555555 0.031597222222222145 0.01637731481481488