7 0.51015625 0.31953125 0.0171875 0.0171875
2 0.84140625 0.28984375 0.0171875 0.0171875
14 0.8890625 0.34453125 0.0171875 0.0171875
4 0.96640625 0.43671875 0.0171875 0.0171875
12 0.99140625 0.34296875 0.0171875 0.0171875
6 0.50390625 0.43203125 0.0171875 0.0171875
9 0.51640625 0.234375 0.0171875 0.0171875
5 0.9265625 0.25390625 0.0171875 0.0171875
3 0.984375 0.2984375 0.0171875 0.0171875
13 0.00625 0.3078125 0.0125 0.0171875
8 0.48046875 0.76640625 0.0265625 0.02890625
5 0.11875 0.23046875 0.0203125 0.0140625
3 0.06015625 0.2703125 0.01640625 0.01484375
12 0.046875 0.3125 0.01875 0.0203125
2 0.1921875 0.271875 0.0171875 0.01484375
14 0.13984375 0.321875 0.01640625 0.0203125
4 0.059375 0.4015625 0.0234375 0.0171875