12 0.13515625 0.2763425925925926 0.0421875 0.02045138888888891
6 0.7828125 0.4504513888888889 0.04375 0.023587962962962904
2 0.3375 0.24671875000000001 0.0421875 0.02045138888888891
4 0.13984375 0.3677141203703703 0.0421875 0.02045138888888882
8 0.734375 0.8429976851851851 0.0484375 0.03143518518518533
7 0.8015625 0.32999999999999996 0.0421875 0.02045138888888882
14 0.2640625 0.2902314814814815 0.0421875 0.02045138888888891
9 0.81171875 0.23461226851851852 0.04375 0.022025462962962906
3 0.15390625 0.23323495370370367 0.0421875 0.02045138888888882
5 0.2390625 0.19901041666666666 0.0421875 0.020451388888888866
13 0.06875 0.26980324074074075 0.0421875 0.02045138888888891