2 0.952650462962963 0.25627314814814817 0.05827546296296297 0.032037037037037044
14 0.8296354166666667 0.34120370370370373 0.05347222222222214 0.02408564814814813
5 0.7875173611111111 0.13611111111111113 0.054872685185185156 0.013194444444444463
10 0.3857638888888889 0.39890625 0.0503703703703704 0.025555555555555463
0 0.4302488425925926 0.6054918981481482 0.053611111111111144 0.03346064814814813
12 0.6316956018518518 0.27516203703703707 0.05981481481481481 0.030520833333333285
11 0.2899189814814815 0.3657928240740741 0.051886574074074064 0.022476851851851887
4 0.6493287037037037 0.46300347222222216 0.06930555555555565 0.03861111111111128
3 0.6656365740740741 0.19208912037037038 0.05657407407407398 0.022615740740740707
1 0.07796874999999999 0.46195601851851853 0.06300925925925925 0.03530092592592595
13 0.541412037037037 0.2481365740740741 0.05190972222222214 0.024039351851851798